eigenvalue first element in row, then corresponding eigenvector.
9.86881   0.0044   0.0087   0.0131   0.0175   0.0218   0.0261   0.0304   0.0347   0.0389   0.0431   0.0472   0.0513   0.0554   0.0594   0.0633   0.0672   0.0710   0.0747   0.0784   0.0820   0.0855   0.0890   0.0923   0.0956   0.0987   0.1018   0.1048   0.1076   0.1104   0.1131   0.1156   0.1181   0.1204   0.1226   0.1247   0.1266   0.1285   0.1302   0.1318   0.1333   0.1346   0.1358   0.1369   0.1379   0.1387   0.1393   0.1399   0.1403   0.1406   0.1407   0.1407   0.1406   0.1403   0.1399   0.1393   0.1387   0.1379   0.1369   0.1358   0.1346   0.1333   0.1318   0.1302   0.1285   0.1266   0.1247   0.1226   0.1204   0.1181   0.1156   0.1131   0.1104   0.1076   0.1048   0.1018   0.0987   0.0956   0.0923   0.0890   0.0855   0.0820   0.0784   0.0747   0.0710   0.0672   0.0633   0.0594   0.0554   0.0513   0.0472   0.0431   0.0389   0.0347   0.0304   0.0261   0.0218   0.0175   0.0131   0.0087   0.0044

39.4657  -0.0087  -0.0175  -0.0261  -0.0347  -0.0431  -0.0513  -0.0594  -0.0672  -0.0747  -0.0820  -0.0890  -0.0956  -0.1018  -0.1076  -0.1131  -0.1181  -0.1226  -0.1266  -0.1302  -0.1333  -0.1358  -0.1379  -0.1393  -0.1403  -0.1407  -0.1406  -0.1399  -0.1387  -0.1369  -0.1346  -0.1318  -0.1285  -0.1247  -0.1204  -0.1156  -0.1104  -0.1048  -0.0987  -0.0923  -0.0855  -0.0784  -0.0710  -0.0633  -0.0554  -0.0472  -0.0389  -0.0304  -0.0218  -0.0131  -0.0044   0.0044   0.0131   0.0218   0.0304   0.0389   0.0472   0.0554   0.0633   0.0710   0.0784   0.0855   0.0923   0.0987   0.1048   0.1104   0.1156   0.1204   0.1247   0.1285   0.1318   0.1346   0.1369   0.1387   0.1399   0.1406   0.1407   0.1403   0.1393   0.1379   0.1358   0.1333   0.1302   0.1266   0.1226   0.1181   0.1131   0.1076   0.1018   0.0956   0.0890   0.0820   0.0747   0.0672   0.0594   0.0513   0.0431   0.0347   0.0261   0.0175   0.0087

88.762   0.0131   0.0261   0.0389   0.0513   0.0633   0.0747   0.0855   0.0956   0.1048   0.1131   0.1204   0.1266   0.1318   0.1358   0.1387   0.1403   0.1407   0.1399   0.1379   0.1346   0.1302   0.1247   0.1181   0.1104   0.1018   0.0923   0.0820   0.0710   0.0594   0.0472   0.0347   0.0218   0.0087  -0.0044  -0.0175  -0.0304  -0.0431  -0.0554  -0.0672  -0.0784  -0.0890  -0.0987  -0.1076  -0.1156  -0.1226  -0.1285  -0.1333  -0.1369  -0.1393  -0.1406  -0.1406  -0.1393  -0.1369  -0.1333  -0.1285  -0.1226  -0.1156  -0.1076  -0.0987  -0.0890  -0.0784  -0.0672  -0.0554  -0.0431  -0.0304  -0.0175  -0.0044   0.0087   0.0218   0.0347   0.0472   0.0594   0.0710   0.0820   0.0923   0.1018   0.1104   0.1181   0.1247   0.1302   0.1346   0.1379   0.1399   0.1407   0.1403   0.1387   0.1358   0.1318   0.1266   0.1204   0.1131   0.1048   0.0956   0.0855   0.0747   0.0633   0.0513   0.0389   0.0261   0.0131

157.71   0.0175   0.0347   0.0513   0.0672   0.0820   0.0956   0.1076   0.1181   0.1266   0.1333   0.1379   0.1403   0.1406   0.1387   0.1346   0.1285   0.1204   0.1104   0.0987   0.0855   0.0710   0.0554   0.0389   0.0218   0.0044  -0.0131  -0.0304  -0.0472  -0.0633  -0.0784  -0.0923  -0.1048  -0.1156  -0.1247  -0.1318  -0.1369  -0.1399  -0.1407  -0.1393  -0.1358  -0.1302  -0.1226  -0.1131  -0.1018  -0.0890  -0.0747  -0.0594  -0.0431  -0.0261  -0.0087   0.0087   0.0261   0.0431   0.0594   0.0747   0.0890   0.1018   0.1131   0.1226   0.1302   0.1358   0.1393   0.1407   0.1399   0.1369   0.1318   0.1247   0.1156   0.1048   0.0923   0.0784   0.0633   0.0472   0.0304   0.0131  -0.0044  -0.0218  -0.0389  -0.0554  -0.0710  -0.0855  -0.0987  -0.1104  -0.1204  -0.1285  -0.1346  -0.1387  -0.1406  -0.1403  -0.1379  -0.1333  -0.1266  -0.1181  -0.1076  -0.0956  -0.0820  -0.0672  -0.0513  -0.0347  -0.0175

246.243  -0.0218  -0.0431  -0.0633  -0.0820  -0.0987  -0.1131  -0.1247  -0.1333  -0.1387  -0.1407  -0.1393  -0.1346  -0.1266  -0.1156  -0.1018  -0.0855  -0.0672  -0.0472  -0.0261  -0.0044   0.0175   0.0389   0.0594   0.0784   0.0956   0.1104   0.1226   0.1318   0.1379   0.1406   0.1399   0.1358   0.1285   0.1181   0.1048   0.0890   0.0710   0.0513   0.0304   0.0087  -0.0131  -0.0347  -0.0554  -0.0747  -0.0923  -0.1076  -0.1204  -0.1302  -0.1369  -0.1403  -0.1403  -0.1369  -0.1302  -0.1204  -0.1076  -0.0923  -0.0747  -0.0554  -0.0347  -0.0131   0.0087   0.0304   0.0513   0.0710   0.0890   0.1048   0.1181   0.1285   0.1358   0.1399   0.1406   0.1379   0.1318   0.1226   0.1104   0.0956   0.0784   0.0594   0.0389   0.0175  -0.0044  -0.0261  -0.0472  -0.0672  -0.0855  -0.1018  -0.1156  -0.1266  -0.1346  -0.1393  -0.1407  -0.1387  -0.1333  -0.1247  -0.1131  -0.0987  -0.0820  -0.0633  -0.0431  -0.0218

354.276  -0.0261  -0.0513  -0.0747  -0.0956  -0.1131  -0.1266  -0.1358  -0.1403  -0.1399  -0.1346  -0.1247  -0.1104  -0.0923  -0.0710  -0.0472  -0.0218   0.0044   0.0304   0.0554   0.0784   0.0987   0.1156   0.1285   0.1369   0.1406   0.1393   0.1333   0.1226   0.1076   0.0890   0.0672   0.0431   0.0175  -0.0087  -0.0347  -0.0594  -0.0820  -0.1018  -0.1181  -0.1302  -0.1379  -0.1407  -0.1387  -0.1318  -0.1204  -0.1048  -0.0855  -0.0633  -0.0389  -0.0131   0.0131   0.0389   0.0633   0.0855   0.1048   0.1204   0.1318   0.1387   0.1407   0.1379   0.1302   0.1181   0.1018   0.0820   0.0594   0.0347   0.0087  -0.0175  -0.0431  -0.0672  -0.0890  -0.1076  -0.1226  -0.1333  -0.1393  -0.1406  -0.1369  -0.1285  -0.1156  -0.0987  -0.0784  -0.0554  -0.0304  -0.0044   0.0218   0.0472   0.0710   0.0923   0.1104   0.1247   0.1346   0.1399   0.1403   0.1358   0.1266   0.1131   0.0956   0.0747   0.0513   0.0261

481.703  -0.0304  -0.0594  -0.0855  -0.1076  -0.1247  -0.1358  -0.1406  -0.1387  -0.1302  -0.1156  -0.0956  -0.0710  -0.0431  -0.0131   0.0175   0.0472   0.0747   0.0987   0.1181   0.1318   0.1393   0.1403   0.1346   0.1226   0.1048   0.0820   0.0554   0.0261  -0.0044  -0.0347  -0.0633  -0.0890  -0.1104  -0.1266  -0.1369  -0.1407  -0.1379  -0.1285  -0.1131  -0.0923  -0.0672  -0.0389  -0.0087   0.0218   0.0513   0.0784   0.1018   0.1204   0.1333   0.1399   0.1399   0.1333   0.1204   0.1018   0.0784   0.0513   0.0218  -0.0087  -0.0389  -0.0672  -0.0923  -0.1131  -0.1285  -0.1379  -0.1407  -0.1369  -0.1266  -0.1104  -0.0890  -0.0633  -0.0347  -0.0044   0.0261   0.0554   0.0820   0.1048   0.1226   0.1346   0.1403   0.1393   0.1318   0.1181   0.0987   0.0747   0.0472   0.0175  -0.0131  -0.0431  -0.0710  -0.0956  -0.1156  -0.1302  -0.1387  -0.1406  -0.1358  -0.1247  -0.1076  -0.0855  -0.0594  -0.0304

628.402   0.0347   0.0672   0.0956   0.1181   0.1333   0.1403   0.1387   0.1285   0.1104   0.0855   0.0554   0.0218  -0.0131  -0.0472  -0.0784  -0.1048  -0.1247  -0.1369  -0.1407  -0.1358  -0.1226  -0.1018  -0.0747  -0.0431  -0.0087   0.0261   0.0594   0.0890   0.1131   0.1302   0.1393   0.1399   0.1318   0.1156   0.0923   0.0633   0.0304  -0.0044  -0.0389  -0.0710  -0.0987  -0.1204  -0.1346  -0.1406  -0.1379  -0.1266  -0.1076  -0.0820  -0.0513  -0.0175   0.0175   0.0513   0.0820   0.1076   0.1266   0.1379   0.1406   0.1346   0.1204   0.0987   0.0710   0.0389   0.0044  -0.0304  -0.0633  -0.0923  -0.1156  -0.1318  -0.1399  -0.1393  -0.1302  -0.1131  -0.0890  -0.0594  -0.0261   0.0087   0.0431   0.0747   0.1018   0.1226   0.1358   0.1407   0.1369   0.1247   0.1048   0.0784   0.0472   0.0131  -0.0218  -0.0554  -0.0855  -0.1104  -0.1285  -0.1387  -0.1403  -0.1333  -0.1181  -0.0956  -0.0672  -0.0347

794.231  -0.0389  -0.0747  -0.1048  -0.1266  -0.1387  -0.1399  -0.1302  -0.1104  -0.0820  -0.0472  -0.0087   0.0304   0.0672   0.0987   0.1226   0.1369   0.1406   0.1333   0.1156   0.0890   0.0554   0.0175  -0.0218  -0.0594  -0.0923  -0.1181  -0.1346  -0.1407  -0.1358  -0.1204  -0.0956  -0.0633  -0.0261   0.0131   0.0513   0.0855   0.1131   0.1318   0.1403   0.1379   0.1247   0.1018   0.0710   0.0347  -0.0044  -0.0431  -0.0784  -0.1076  -0.1285  -0.1393  -0.1393  -0.1285  -0.1076  -0.0784  -0.0431  -0.0044   0.0347   0.0710   0.1018   0.1247   0.1379   0.1403   0.1318   0.1131   0.0855   0.0513   0.0131  -0.0261  -0.0633  -0.0956  -0.1204  -0.1358  -0.1407  -0.1346  -0.1181  -0.0923  -0.0594  -0.0218   0.0175   0.0554   0.0890   0.1156   0.1333   0.1406   0.1369   0.1226   0.0987   0.0672   0.0304  -0.0087  -0.0472  -0.0820  -0.1104  -0.1302  -0.1399  -0.1387  -0.1266  -0.1048  -0.0747  -0.0389

979.029   0.0431   0.0820   0.1131   0.1333   0.1407   0.1346   0.1156   0.0855   0.0472   0.0044  -0.0389  -0.0784  -0.1104  -0.1318  -0.1406  -0.1358  -0.1181  -0.0890  -0.0513  -0.0087   0.0347   0.0747   0.1076   0.1302   0.1403   0.1369   0.1204   0.0923   0.0554   0.0131  -0.0304  -0.0710  -0.1048  -0.1285  -0.1399  -0.1379  -0.1226  -0.0956  -0.0594  -0.0175   0.0261   0.0672   0.1018   0.1266   0.1393   0.1387   0.1247   0.0987   0.0633   0.0218  -0.0218  -0.0633  -0.0987  -0.1247  -0.1387  -0.1393  -0.1266  -0.1018  -0.0672  -0.0261   0.0175   0.0594   0.0956   0.1226   0.1379   0.1399   0.1285   0.1048   0.0710   0.0304  -0.0131  -0.0554  -0.0923  -0.1204  -0.1369  -0.1403  -0.1302  -0.1076  -0.0747  -0.0347   0.0087   0.0513   0.0890   0.1181   0.1358   0.1406   0.1318   0.1104   0.0784   0.0389  -0.0044  -0.0472  -0.0855  -0.1156  -0.1346  -0.1407  -0.1333  -0.1131  -0.0820  -0.0431

1182.62   0.0472   0.0890   0.1204   0.1379   0.1393   0.1247   0.0956   0.0554   0.0087  -0.0389  -0.0820  -0.1156  -0.1358  -0.1403  -0.1285  -0.1018  -0.0633  -0.0175   0.0304   0.0747   0.1104   0.1333   0.1407   0.1318   0.1076   0.0710   0.0261  -0.0218  -0.0672  -0.1048  -0.1302  -0.1406  -0.1346  -0.1131  -0.0784  -0.0347   0.0131   0.0594   0.0987   0.1266   0.1399   0.1369   0.1181   0.0855   0.0431  -0.0044  -0.0513  -0.0923  -0.1226  -0.1387  -0.1387  -0.1226  -0.0923  -0.0513  -0.0044   0.0431   0.0855   0.1181   0.1369   0.1399   0.1266   0.0987   0.0594   0.0131  -0.0347  -0.0784  -0.1131  -0.1346  -0.1406  -0.1302  -0.1048  -0.0672  -0.0218   0.0261   0.0710   0.1076   0.1318   0.1407   0.1333   0.1104   0.0747   0.0304  -0.0175  -0.0633  -0.1018  -0.1285  -0.1403  -0.1358  -0.1156  -0.0820  -0.0389   0.0087   0.0554   0.0956   0.1247   0.1393   0.1379   0.1204   0.0890   0.0472

1404.8  -0.0513  -0.0956  -0.1266  -0.1403  -0.1346  -0.1104  -0.0710  -0.0218   0.0304   0.0784   0.1156   0.1369   0.1393   0.1226   0.0890   0.0431  -0.0087  -0.0594  -0.1018  -0.1302  -0.1407  -0.1318  -0.1048  -0.0633  -0.0131   0.0389   0.0855   0.1204   0.1387   0.1379   0.1181   0.0820   0.0347  -0.0175  -0.0672  -0.1076  -0.1333  -0.1406  -0.1285  -0.0987  -0.0554  -0.0044   0.0472   0.0923   0.1247   0.1399   0.1358   0.1131   0.0747   0.0261  -0.0261  -0.0747  -0.1131  -0.1358  -0.1399  -0.1247  -0.0923  -0.0472   0.0044   0.0554   0.0987   0.1285   0.1406   0.1333   0.1076   0.0672   0.0175  -0.0347  -0.0820  -0.1181  -0.1379  -0.1387  -0.1204  -0.0855  -0.0389   0.0131   0.0633   0.1048   0.1318   0.1407   0.1302   0.1018   0.0594   0.0087  -0.0431  -0.0890  -0.1226  -0.1393  -0.1369  -0.1156  -0.0784  -0.0304   0.0218   0.0710   0.1104   0.1346   0.1403   0.1266   0.0956   0.0513

1645.36   0.0554   0.1018   0.1318   0.1406   0.1266   0.0923   0.0431  -0.0131  -0.0672  -0.1104  -0.1358  -0.1393  -0.1204  -0.0820  -0.0304   0.0261   0.0784   0.1181   0.1387   0.1369   0.1131   0.0710   0.0175  -0.0389  -0.0890  -0.1247  -0.1403  -0.1333  -0.1048  -0.0594  -0.0044   0.0513   0.0987   0.1302   0.1407   0.1285   0.0956   0.0472  -0.0087  -0.0633  -0.1076  -0.1346  -0.1399  -0.1226  -0.0855  -0.0347   0.0218   0.0747   0.1156   0.1379   0.1379   0.1156   0.0747   0.0218  -0.0347  -0.0855  -0.1226  -0.1399  -0.1346  -0.1076  -0.0633  -0.0087   0.0472   0.0956   0.1285   0.1407   0.1302   0.0987   0.0513  -0.0044  -0.0594  -0.1048  -0.1333  -0.1403  -0.1247  -0.0890  -0.0389   0.0175   0.0710   0.1131   0.1369   0.1387   0.1181   0.0784   0.0261  -0.0304  -0.0820  -0.1204  -0.1393  -0.1358  -0.1104  -0.0672  -0.0131   0.0431   0.0923   0.1266   0.1406   0.1318   0.1018   0.0554

1904.07  -0.0594  -0.1076  -0.1358  -0.1387  -0.1156  -0.0710  -0.0131   0.0472   0.0987   0.1318   0.1403   0.1226   0.0820   0.0261  -0.0347  -0.0890  -0.1266  -0.1407  -0.1285  -0.0923  -0.0389   0.0218   0.0784   0.1204   0.1399   0.1333   0.1018   0.0513  -0.0087  -0.0672  -0.1131  -0.1379  -0.1369  -0.1104  -0.0633  -0.0044   0.0554   0.1048   0.1346   0.1393   0.1181   0.0747   0.0175  -0.0431  -0.0956  -0.1302  -0.1406  -0.1247  -0.0855  -0.0304   0.0304   0.0855   0.1247   0.1406   0.1302   0.0956   0.0431  -0.0175  -0.0747  -0.1181  -0.1393  -0.1346  -0.1048  -0.0554   0.0044   0.0633   0.1104   0.1369   0.1379   0.1131   0.0672   0.0087  -0.0513  -0.1018  -0.1333  -0.1399  -0.1204  -0.0784  -0.0218   0.0389   0.0923   0.1285   0.1407   0.1266   0.0890   0.0347  -0.0261  -0.0820  -0.1226  -0.1403  -0.1318  -0.0987  -0.0472   0.0131   0.0710   0.1156   0.1387   0.1358   0.1076   0.0594

2180.67   0.0633   0.1131   0.1387   0.1346   0.1018   0.0472  -0.0175  -0.0784  -0.1226  -0.1406  -0.1285  -0.0890  -0.0304   0.0347   0.0923   0.1302   0.1403   0.1204   0.0747   0.0131  -0.0513  -0.1048  -0.1358  -0.1379  -0.1104  -0.0594   0.0044   0.0672   0.1156   0.1393   0.1333   0.0987   0.0431  -0.0218  -0.0820  -0.1247  -0.1407  -0.1266  -0.0855  -0.0261   0.0389   0.0956   0.1318   0.1399   0.1181   0.0710   0.0087  -0.0554  -0.1076  -0.1369  -0.1369  -0.1076  -0.0554   0.0087   0.0710   0.1181   0.1399   0.1318   0.0956   0.0389  -0.0261  -0.0855  -0.1266  -0.1407  -0.1247  -0.0820  -0.0218   0.0431   0.0987   0.1333   0.1393   0.1156   0.0672   0.0044  -0.0594  -0.1104  -0.1379  -0.1358  -0.1048  -0.0513   0.0131   0.0747   0.1204   0.1403   0.1302   0.0923   0.0347  -0.0304  -0.0890  -0.1285  -0.1406  -0.1226  -0.0784  -0.0175   0.0472   0.1018   0.1346   0.1387   0.1131   0.0633

2474.9   0.0672   0.1181   0.1403   0.1285   0.0855   0.0218  -0.0472  -0.1048  -0.1369  -0.1358  -0.1018  -0.0431   0.0261   0.0890   0.1302   0.1399   0.1156   0.0633  -0.0044  -0.0710  -0.1204  -0.1406  -0.1266  -0.0820  -0.0175   0.0513   0.1076   0.1379   0.1346   0.0987   0.0389  -0.0304  -0.0923  -0.1318  -0.1393  -0.1131  -0.0594   0.0087   0.0747   0.1226   0.1407   0.1247   0.0784   0.0131  -0.0554  -0.1104  -0.1387  -0.1333  -0.0956  -0.0347   0.0347   0.0956   0.1333   0.1387   0.1104   0.0554  -0.0131  -0.0784  -0.1247  -0.1407  -0.1226  -0.0747  -0.0087   0.0594   0.1131   0.1393   0.1318   0.0923   0.0304  -0.0389  -0.0987  -0.1346  -0.1379  -0.1076  -0.0513   0.0175   0.0820   0.1266   0.1406   0.1204   0.0710   0.0044  -0.0633  -0.1156  -0.1399  -0.1302  -0.0890  -0.0261   0.0431   0.1018   0.1358   0.1369   0.1048   0.0472  -0.0218  -0.0855  -0.1285  -0.1403  -0.1181  -0.0672

2786.47   0.0710   0.1226   0.1407   0.1204   0.0672  -0.0044  -0.0747  -0.1247  -0.1406  -0.1181  -0.0633   0.0087   0.0784   0.1266   0.1403   0.1156   0.0594  -0.0131  -0.0820  -0.1285  -0.1399  -0.1131  -0.0554   0.0175   0.0855   0.1302   0.1393   0.1104   0.0513  -0.0218  -0.0890  -0.1318  -0.1387  -0.1076  -0.0472   0.0261   0.0923   0.1333   0.1379   0.1048   0.0431  -0.0304  -0.0956  -0.1346  -0.1369  -0.1018  -0.0389   0.0347   0.0987   0.1358   0.1358   0.0987   0.0347  -0.0389  -0.1018  -0.1369  -0.1346  -0.0956  -0.0304   0.0431   0.1048   0.1379   0.1333   0.0923   0.0261  -0.0472  -0.1076  -0.1387  -0.1318  -0.0890  -0.0218   0.0513   0.1104   0.1393   0.1302   0.0855   0.0175  -0.0554  -0.1131  -0.1399  -0.1285  -0.0820  -0.0131   0.0594   0.1156   0.1403   0.1266   0.0784   0.0087  -0.0633  -0.1181  -0.1406  -0.1247  -0.0747  -0.0044   0.0672   0.1204   0.1407   0.1226   0.0710

3115.09  -0.0747  -0.1266  -0.1399  -0.1104  -0.0472   0.0304   0.0987   0.1369   0.1333   0.0890   0.0175  -0.0594  -0.1181  -0.1407  -0.1204  -0.0633   0.0131   0.0855   0.1318   0.1379   0.1018   0.0347  -0.0431  -0.1076  -0.1393  -0.1285  -0.0784  -0.0044   0.0710   0.1247   0.1403   0.1131   0.0513  -0.0261  -0.0956  -0.1358  -0.1346  -0.0923  -0.0218   0.0554   0.1156   0.1406   0.1226   0.0672  -0.0087  -0.0820  -0.1302  -0.1387  -0.1048  -0.0389   0.0389   0.1048   0.1387   0.1302   0.0820   0.0087  -0.0672  -0.1226  -0.1406  -0.1156  -0.0554   0.0218   0.0923   0.1346   0.1358   0.0956   0.0261  -0.0513  -0.1131  -0.1403  -0.1247  -0.0710   0.0044   0.0784   0.1285   0.1393   0.1076   0.0431  -0.0347  -0.1018  -0.1379  -0.1318  -0.0855  -0.0131   0.0633   0.1204   0.1407   0.1181   0.0594  -0.0175  -0.0890  -0.1333  -0.1369  -0.0987  -0.0304   0.0472   0.1104   0.1399   0.1266   0.0747

3460.42   0.0784   0.1302   0.1379   0.0987   0.0261  -0.0554  -0.1181  -0.1407  -0.1156  -0.0513   0.0304   0.1018   0.1387   0.1285   0.0747  -0.0044  -0.0820  -0.1318  -0.1369  -0.0956  -0.0218   0.0594   0.1204   0.1406   0.1131   0.0472  -0.0347  -0.1048  -0.1393  -0.1266  -0.0710   0.0087   0.0855   0.1333   0.1358   0.0923   0.0175  -0.0633  -0.1226  -0.1403  -0.1104  -0.0431   0.0389   0.1076   0.1399   0.1247   0.0672  -0.0131  -0.0890  -0.1346  -0.1346  -0.0890  -0.0131   0.0672   0.1247   0.1399   0.1076   0.0389  -0.0431  -0.1104  -0.1403  -0.1226  -0.0633   0.0175   0.0923   0.1358   0.1333   0.0855   0.0087  -0.0710  -0.1266  -0.1393  -0.1048  -0.0347   0.0472   0.1131   0.1406   0.1204   0.0594  -0.0218  -0.0956  -0.1369  -0.1318  -0.0820  -0.0044   0.0747   0.1285   0.1387   0.1018   0.0304  -0.0513  -0.1156  -0.1407  -0.1181  -0.0554   0.0261   0.0987   0.1379   0.1302   0.0784

3822.15  -0.0820  -0.1333  -0.1346  -0.0855  -0.0044   0.0784   0.1318   0.1358   0.0890   0.0087  -0.0747  -0.1302  -0.1369  -0.0923  -0.0131   0.0710   0.1285   0.1379   0.0956   0.0175  -0.0672  -0.1266  -0.1387  -0.0987  -0.0218   0.0633   0.1247   0.1393   0.1018   0.0261  -0.0594  -0.1226  -0.1399  -0.1048  -0.0304   0.0554   0.1204   0.1403   0.1076   0.0347  -0.0513  -0.1181  -0.1406  -0.1104  -0.0389   0.0472   0.1156   0.1407   0.1131   0.0431  -0.0431  -0.1131  -0.1407  -0.1156  -0.0472   0.0389   0.1104   0.1406   0.1181   0.0513  -0.0347  -0.1076  -0.1403  -0.1204  -0.0554   0.0304   0.1048   0.1399   0.1226   0.0594  -0.0261  -0.1018  -0.1393  -0.1247  -0.0633   0.0218   0.0987   0.1387   0.1266   0.0672  -0.0175  -0.0956  -0.1379  -0.1285  -0.0710   0.0131   0.0923   0.1369   0.1302   0.0747  -0.0087  -0.0890  -0.1358  -0.1318  -0.0784   0.0044   0.0855   0.1346   0.1333   0.0820

4199.92   0.0855   0.1358   0.1302   0.0710  -0.0175  -0.0987  -0.1393  -0.1226  -0.0554   0.0347   0.1104   0.1407   0.1131   0.0389  -0.0513  -0.1204  -0.1399  -0.1018  -0.0218   0.0672   0.1285   0.1369   0.0890   0.0044  -0.0820  -0.1346  -0.1318  -0.0747   0.0131   0.0956   0.1387   0.1247   0.0594  -0.0304  -0.1076  -0.1406  -0.1156  -0.0431   0.0472   0.1181   0.1403   0.1048   0.0261  -0.0633  -0.1266  -0.1379  -0.0923  -0.0087   0.0784   0.1333   0.1333   0.0784  -0.0087  -0.0923  -0.1379  -0.1266  -0.0633   0.0261   0.1048   0.1403   0.1181   0.0472  -0.0431  -0.1156  -0.1406  -0.1076  -0.0304   0.0594   0.1247   0.1387   0.0956   0.0131  -0.0747  -0.1318  -0.1346  -0.0820   0.0044   0.0890   0.1369   0.1285   0.0672  -0.0218  -0.1018  -0.1399  -0.1204  -0.0513   0.0389   0.1131   0.1407   0.1104   0.0347  -0.0554  -0.1226  -0.1393  -0.0987  -0.0175   0.0710   0.1302   0.1358   0.0855

4593.37   0.0890   0.1379   0.1247   0.0554  -0.0389  -0.1156  -0.1403  -0.1018  -0.0175   0.0747   0.1333   0.1318   0.0710  -0.0218  -0.1048  -0.1406  -0.1131  -0.0347   0.0594   0.1266   0.1369   0.0855  -0.0044  -0.0923  -0.1387  -0.1226  -0.0513   0.0431   0.1181   0.1399   0.0987   0.0131  -0.0784  -0.1346  -0.1302  -0.0672   0.0261   0.1076   0.1407   0.1104   0.0304  -0.0633  -0.1285  -0.1358  -0.0820   0.0087   0.0956   0.1393   0.1204   0.0472  -0.0472  -0.1204  -0.1393  -0.0956  -0.0087   0.0820   0.1358   0.1285   0.0633  -0.0304  -0.1104  -0.1407  -0.1076  -0.0261   0.0672   0.1302   0.1346   0.0784  -0.0131  -0.0987  -0.1399  -0.1181  -0.0431   0.0513   0.1226   0.1387   0.0923   0.0044  -0.0855  -0.1369  -0.1266  -0.0594   0.0347   0.1131   0.1406   0.1048   0.0218  -0.0710  -0.1318  -0.1333  -0.0747   0.0175   0.1018   0.1403   0.1156   0.0389  -0.0554  -0.1247  -0.1379  -0.0890

5002.1   0.0923   0.1393   0.1181   0.0389  -0.0594  -0.1285  -0.1346  -0.0747   0.0218   0.1076   0.1407   0.1048   0.0175  -0.0784  -0.1358  -0.1266  -0.0554   0.0431   0.1204   0.1387   0.0890  -0.0044  -0.0956  -0.1399  -0.1156  -0.0347   0.0633   0.1302   0.1333   0.0710  -0.0261  -0.1104  -0.1406  -0.1018  -0.0131   0.0820   0.1369   0.1247   0.0513  -0.0472  -0.1226  -0.1379  -0.0855   0.0087   0.0987   0.1403   0.1131   0.0304  -0.0672  -0.1318  -0.1318  -0.0672   0.0304   0.1131   0.1403   0.0987   0.0087  -0.0855  -0.1379  -0.1226  -0.0472   0.0513   0.1247   0.1369   0.0820  -0.0131  -0.1018  -0.1406  -0.1104  -0.0261   0.0710   0.1333   0.1302   0.0633  -0.0347  -0.1156  -0.1399  -0.0956  -0.0044   0.0890   0.1387   0.1204   0.0431  -0.0554  -0.1266  -0.1358  -0.0784   0.0175   0.1048   0.1407   0.1076   0.0218  -0.0747  -0.1346  -0.1285  -0.0594   0.0389   0.1181   0.1393   0.0923

5425.74  -0.0956  -0.1403  -0.1104  -0.0218   0.0784   0.1369   0.1226   0.0431  -0.0594  -0.1302  -0.1318  -0.0633   0.0389   0.1204   0.1379   0.0820  -0.0175  -0.1076  -0.1406  -0.0987  -0.0044   0.0923   0.1399   0.1131   0.0261  -0.0747  -0.1358  -0.1247  -0.0472   0.0554   0.1285   0.1333   0.0672  -0.0347  -0.1181  -0.1387  -0.0855   0.0131   0.1048   0.1407   0.1018   0.0087  -0.0890  -0.1393  -0.1156  -0.0304   0.0710   0.1346   0.1266   0.0513  -0.0513  -0.1266  -0.1346  -0.0710   0.0304   0.1156   0.1393   0.0890  -0.0087  -0.1018  -0.1407  -0.1048  -0.0131   0.0855   0.1387   0.1181   0.0347  -0.0672  -0.1333  -0.1285  -0.0554   0.0472   0.1247   0.1358   0.0747  -0.0261  -0.1131  -0.1399  -0.0923   0.0044   0.0987   0.1406   0.1076   0.0175  -0.0820  -0.1379  -0.1204  -0.0389   0.0633   0.1318   0.1302   0.0594  -0.0431  -0.1226  -0.1369  -0.0784   0.0218   0.1104   0.1403   0.0956

5863.86  -0.0987  -0.1407  -0.1018  -0.0044   0.0956   0.1406   0.1048   0.0087  -0.0923  -0.1403  -0.1076  -0.0131   0.0890   0.1399   0.1104   0.0175  -0.0855  -0.1393  -0.1131  -0.0218   0.0820   0.1387   0.1156   0.0261  -0.0784  -0.1379  -0.1181  -0.0304   0.0747   0.1369   0.1204   0.0347  -0.0710  -0.1358  -0.1226  -0.0389   0.0672   0.1346   0.1247   0.0431  -0.0633  -0.1333  -0.1266  -0.0472   0.0594   0.1318   0.1285   0.0513  -0.0554  -0.1302  -0.1302  -0.0554   0.0513   0.1285   0.1318   0.0594  -0.0472  -0.1266  -0.1333  -0.0633   0.0431   0.1247   0.1346   0.0672  -0.0389  -0.1226  -0.1358  -0.0710   0.0347   0.1204   0.1369   0.0747  -0.0304  -0.1181  -0.1379  -0.0784   0.0261   0.1156   0.1387   0.0820  -0.0218  -0.1131  -0.1393  -0.0855   0.0175   0.1104   0.1399   0.0890  -0.0131  -0.1076  -0.1403  -0.0923   0.0087   0.1048   0.1406   0.0956  -0.0044  -0.1018  -0.1407  -0.0987

6316.05   0.1018   0.1406   0.0923  -0.0131  -0.1104  -0.1393  -0.0820   0.0261   0.1181   0.1369   0.0710  -0.0389  -0.1247  -0.1333  -0.0594   0.0513   0.1302   0.1285   0.0472  -0.0633  -0.1346  -0.1226  -0.0347   0.0747   0.1379   0.1156   0.0218  -0.0855  -0.1399  -0.1076  -0.0087   0.0956   0.1407   0.0987  -0.0044  -0.1048  -0.1403  -0.0890   0.0175   0.1131   0.1387   0.0784  -0.0304  -0.1204  -0.1358  -0.0672   0.0431   0.1266   0.1318   0.0554  -0.0554  -0.1318  -0.1266  -0.0431   0.0672   0.1358   0.1204   0.0304  -0.0784  -0.1387  -0.1131  -0.0175   0.0890   0.1403   0.1048   0.0044  -0.0987  -0.1407  -0.0956   0.0087   0.1076   0.1399   0.0855  -0.0218  -0.1156  -0.1379  -0.0747   0.0347   0.1226   0.1346   0.0633  -0.0472  -0.1285  -0.1302  -0.0513   0.0594   0.1333   0.1247   0.0389  -0.0710  -0.1369  -0.1181  -0.0261   0.0820   0.1393   0.1104   0.0131  -0.0923  -0.1406  -0.1018

6781.87   0.1048   0.1399   0.0820  -0.0304  -0.1226  -0.1333  -0.0554   0.0594   0.1346   0.1204   0.0261  -0.0855  -0.1403  -0.1018   0.0044   0.1076   0.1393   0.0784  -0.0347  -0.1247  -0.1318  -0.0513   0.0633   0.1358   0.1181   0.0218  -0.0890  -0.1406  -0.0987   0.0087   0.1104   0.1387   0.0747  -0.0389  -0.1266  -0.1302  -0.0472   0.0672   0.1369   0.1156   0.0175  -0.0923  -0.1407  -0.0956   0.0131   0.1131   0.1379   0.0710  -0.0431  -0.1285  -0.1285  -0.0431   0.0710   0.1379   0.1131   0.0131  -0.0956  -0.1407  -0.0923   0.0175   0.1156   0.1369   0.0672  -0.0472  -0.1302  -0.1266  -0.0389   0.0747   0.1387   0.1104   0.0087  -0.0987  -0.1406  -0.0890   0.0218   0.1181   0.1358   0.0633  -0.0513  -0.1318  -0.1247  -0.0347   0.0784   0.1393   0.1076   0.0044  -0.1018  -0.1403  -0.0855   0.0261   0.1204   0.1346   0.0594  -0.0554  -0.1333  -0.1226  -0.0304   0.0820   0.1399   0.1048

7260.86   0.1076   0.1387   0.0710  -0.0472  -0.1318  -0.1226  -0.0261   0.0890   0.1407   0.0923  -0.0218  -0.1204  -0.1333  -0.0513   0.0672   0.1379   0.1104   0.0044  -0.1048  -0.1393  -0.0747   0.0431   0.1302   0.1247   0.0304  -0.0855  -0.1406  -0.0956   0.0175   0.1181   0.1346   0.0554  -0.0633  -0.1369  -0.1131  -0.0087   0.1018   0.1399   0.0784  -0.0389  -0.1285  -0.1266  -0.0347   0.0820   0.1403   0.0987  -0.0131  -0.1156  -0.1358  -0.0594   0.0594   0.1358   0.1156   0.0131  -0.0987  -0.1403  -0.0820   0.0347   0.1266   0.1285   0.0389  -0.0784  -0.1399  -0.1018   0.0087   0.1131   0.1369   0.0633  -0.0554  -0.1346  -0.1181  -0.0175   0.0956   0.1406   0.0855  -0.0304  -0.1247  -0.1302  -0.0431   0.0747   0.1393   0.1048  -0.0044  -0.1104  -0.1379  -0.0672   0.0513   0.1333   0.1204   0.0218  -0.0923  -0.1407  -0.0890   0.0261   0.1226   0.1318   0.0472  -0.0710  -0.1387  -0.1076

7752.57  -0.1104  -0.1369  -0.0594   0.0633   0.1379   0.1076  -0.0044  -0.1131  -0.1358  -0.0554   0.0672   0.1387   0.1048  -0.0087  -0.1156  -0.1346  -0.0513   0.0710   0.1393   0.1018  -0.0131  -0.1181  -0.1333  -0.0472   0.0747   0.1399   0.0987  -0.0175  -0.1204  -0.1318  -0.0431   0.0784   0.1403   0.0956  -0.0218  -0.1226  -0.1302  -0.0389   0.0820   0.1406   0.0923  -0.0261  -0.1247  -0.1285  -0.0347   0.0855   0.1407   0.0890  -0.0304  -0.1266  -0.1266  -0.0304   0.0890   0.1407   0.0855  -0.0347  -0.1285  -0.1247  -0.0261   0.0923   0.1406   0.0820  -0.0389  -0.1302  -0.1226  -0.0218   0.0956   0.1403   0.0784  -0.0431  -0.1318  -0.1204  -0.0175   0.0987   0.1399   0.0747  -0.0472  -0.1333  -0.1181  -0.0131   0.1018   0.1393   0.0710  -0.0513  -0.1346  -0.1156  -0.0087   0.1048   0.1387   0.0672  -0.0554  -0.1358  -0.1131  -0.0044   0.1076   0.1379   0.0633  -0.0594  -0.1369  -0.1104

8256.51  -0.1131  -0.1346  -0.0472   0.0784   0.1406   0.0890  -0.0347  -0.1302  -0.1204  -0.0131   0.1048   0.1379   0.0594  -0.0672  -0.1393  -0.0987   0.0218   0.1247   0.1266   0.0261  -0.0956  -0.1399  -0.0710   0.0554   0.1369   0.1076  -0.0087  -0.1181  -0.1318  -0.0389   0.0855   0.1407   0.0820  -0.0431  -0.1333  -0.1156  -0.0044   0.1104   0.1358   0.0513  -0.0747  -0.1403  -0.0923   0.0304   0.1285   0.1226   0.0175  -0.1018  -0.1387  -0.0633   0.0633   0.1387   0.1018  -0.0175  -0.1226  -0.1285  -0.0304   0.0923   0.1403   0.0747  -0.0513  -0.1358  -0.1104   0.0044   0.1156   0.1333   0.0431  -0.0820  -0.1407  -0.0855   0.0389   0.1318   0.1181   0.0087  -0.1076  -0.1369  -0.0554   0.0710   0.1399   0.0956  -0.0261  -0.1266  -0.1247  -0.0218   0.0987   0.1393   0.0672  -0.0594  -0.1379  -0.1048   0.0131   0.1204   0.1302   0.0347  -0.0890  -0.1406  -0.0784   0.0472   0.1346   0.1131

8772.2  -0.1156  -0.1318  -0.0347   0.0923   0.1399   0.0672  -0.0633  -0.1393  -0.0956   0.0304   0.1302   0.1181   0.0044  -0.1131  -0.1333  -0.0389   0.0890   0.1403   0.0710  -0.0594  -0.1387  -0.0987   0.0261   0.1285   0.1204   0.0087  -0.1104  -0.1346  -0.0431   0.0855   0.1406   0.0747  -0.0554  -0.1379  -0.1018   0.0218   0.1266   0.1226   0.0131  -0.1076  -0.1358  -0.0472   0.0820   0.1407   0.0784  -0.0513  -0.1369  -0.1048   0.0175   0.1247   0.1247   0.0175  -0.1048  -0.1369  -0.0513   0.0784   0.1407   0.0820  -0.0472  -0.1358  -0.1076   0.0131   0.1226   0.1266   0.0218  -0.1018  -0.1379  -0.0554   0.0747   0.1406   0.0855  -0.0431  -0.1346  -0.1104   0.0087   0.1204   0.1285   0.0261  -0.0987  -0.1387  -0.0594   0.0710   0.1403   0.0890  -0.0389  -0.1333  -0.1131   0.0044   0.1181   0.1302   0.0304  -0.0956  -0.1393  -0.0633   0.0672   0.1399   0.0923  -0.0347  -0.1318  -0.1156

9299.15   0.1181   0.1285   0.0218  -0.1048  -0.1358  -0.0431   0.0890   0.1399   0.0633  -0.0710  -0.1406  -0.0820   0.0513   0.1379   0.0987  -0.0304  -0.1318  -0.1131   0.0087   0.1226   0.1247   0.0131  -0.1104  -0.1333  -0.0347   0.0956   0.1387   0.0554  -0.0784  -0.1407  -0.0747   0.0594   0.1393   0.0923  -0.0389  -0.1346  -0.1076   0.0175   0.1266   0.1204   0.0044  -0.1156  -0.1302  -0.0261   0.1018   0.1369   0.0472  -0.0855  -0.1403  -0.0672   0.0672   0.1403   0.0855  -0.0472  -0.1369  -0.1018   0.0261   0.1302   0.1156  -0.0044  -0.1204  -0.1266  -0.0175   0.1076   0.1346   0.0389  -0.0923  -0.1393  -0.0594   0.0747   0.1407   0.0784  -0.0554  -0.1387  -0.0956   0.0347   0.1333   0.1104  -0.0131  -0.1247  -0.1226  -0.0087   0.1131   0.1318   0.0304  -0.0987  -0.1379  -0.0513   0.0820   0.1406   0.0710  -0.0633  -0.1399  -0.0890   0.0431   0.1358   0.1048  -0.0218  -0.1285  -0.1181

9836.83  -0.1204  -0.1247  -0.0087   0.1156   0.1285   0.0175  -0.1104  -0.1318  -0.0261   0.1048   0.1346   0.0347  -0.0987  -0.1369  -0.0431   0.0923   0.1387   0.0513  -0.0855  -0.1399  -0.0594   0.0784   0.1406   0.0672  -0.0710  -0.1407  -0.0747   0.0633   0.1403   0.0820  -0.0554  -0.1393  -0.0890   0.0472   0.1379   0.0956  -0.0389  -0.1358  -0.1018   0.0304   0.1333   0.1076  -0.0218  -0.1302  -0.1131   0.0131   0.1266   0.1181  -0.0044  -0.1226  -0.1226  -0.0044   0.1181   0.1266   0.0131  -0.1131  -0.1302  -0.0218   0.1076   0.1333   0.0304  -0.1018  -0.1358  -0.0389   0.0956   0.1379   0.0472  -0.0890  -0.1393  -0.0554   0.0820   0.1403   0.0633  -0.0747  -0.1407  -0.0710   0.0672   0.1406   0.0784  -0.0594  -0.1399  -0.0855   0.0513   0.1387   0.0923  -0.0431  -0.1369  -0.0987   0.0347   0.1346   0.1048  -0.0261  -0.1318  -0.1104   0.0175   0.1285   0.1156  -0.0087  -0.1247  -0.1204

10384.7  -0.1226  -0.1204   0.0044   0.1247   0.1181  -0.0087  -0.1266  -0.1156   0.0131   0.1285   0.1131  -0.0175  -0.1302  -0.1104   0.0218   0.1318   0.1076  -0.0261  -0.1333  -0.1048   0.0304   0.1346   0.1018  -0.0347  -0.1358  -0.0987   0.0389   0.1369   0.0956  -0.0431  -0.1379  -0.0923   0.0472   0.1387   0.0890  -0.0513  -0.1393  -0.0855   0.0554   0.1399   0.0820  -0.0594  -0.1403  -0.0784   0.0633   0.1406   0.0747  -0.0672  -0.1407  -0.0710   0.0710   0.1407   0.0672  -0.0747  -0.1406  -0.0633   0.0784   0.1403   0.0594  -0.0820  -0.1399  -0.0554   0.0855   0.1393   0.0513  -0.0890  -0.1387  -0.0472   0.0923   0.1379   0.0431  -0.0956  -0.1369  -0.0389   0.0987   0.1358   0.0347  -0.1018  -0.1346  -0.0304   0.1048   0.1333   0.0261  -0.1076  -0.1318  -0.0218   0.1104   0.1302   0.0175  -0.1131  -0.1285  -0.0131   0.1156   0.1266   0.0087  -0.1181  -0.1247  -0.0044   0.1204   0.1226

10942.3   0.1247   0.1156  -0.0175  -0.1318  -0.1048   0.0347   0.1369   0.0923  -0.0513  -0.1399  -0.0784   0.0672   0.1407   0.0633  -0.0820  -0.1393  -0.0472   0.0956   0.1358   0.0304  -0.1076  -0.1302  -0.0131   0.1181   0.1226  -0.0044  -0.1266  -0.1131   0.0218   0.1333   0.1018  -0.0389  -0.1379  -0.0890   0.0554   0.1403   0.0747  -0.0710  -0.1406  -0.0594   0.0855   0.1387   0.0431  -0.0987  -0.1346  -0.0261   0.1104   0.1285   0.0087  -0.1204  -0.1204   0.0087   0.1285   0.1104  -0.0261  -0.1346  -0.0987   0.0431   0.1387   0.0855  -0.0594  -0.1406  -0.0710   0.0747   0.1403   0.0554  -0.0890  -0.1379  -0.0389   0.1018   0.1333   0.0218  -0.1131  -0.1266  -0.0044   0.1226   0.1181  -0.0131  -0.1302  -0.1076   0.0304   0.1358   0.0956  -0.0472  -0.1393  -0.0820   0.0633   0.1407   0.0672  -0.0784  -0.1399  -0.0513   0.0923   0.1369   0.0347  -0.1048  -0.1318  -0.0175   0.1156   0.1247

11509.1   0.1266   0.1104  -0.0304  -0.1369  -0.0890   0.0594   0.1407   0.0633  -0.0855  -0.1379  -0.0347   0.1076   0.1285   0.0044  -0.1247  -0.1131   0.0261   0.1358   0.0923  -0.0554  -0.1406  -0.0672   0.0820   0.1387   0.0389  -0.1048  -0.1302  -0.0087   0.1226   0.1156  -0.0218  -0.1346  -0.0956   0.0513   0.1403   0.0710  -0.0784  -0.1393  -0.0431   0.1018   0.1318   0.0131  -0.1204  -0.1181   0.0175   0.1333   0.0987  -0.0472  -0.1399  -0.0747   0.0747   0.1399   0.0472  -0.0987  -0.1333  -0.0175   0.1181   0.1204  -0.0131  -0.1318  -0.1018   0.0431   0.1393   0.0784  -0.0710  -0.1403  -0.0513   0.0956   0.1346   0.0218  -0.1156  -0.1226   0.0087   0.1302   0.1048  -0.0389  -0.1387  -0.0820   0.0672   0.1406   0.0554  -0.0923  -0.1358  -0.0261   0.1131   0.1247  -0.0044  -0.1285  -0.1076   0.0347   0.1379   0.0855  -0.0633  -0.1407  -0.0594   0.0890   0.1369   0.0304  -0.1104  -0.1266

12084.4   0.1285   0.1048  -0.0431  -0.1399  -0.0710   0.0820   0.1379   0.0304  -0.1131  -0.1226   0.0131   0.1333   0.0956  -0.0554  -0.1407  -0.0594   0.0923   0.1346   0.0175  -0.1204  -0.1156   0.0261   0.1369   0.0855  -0.0672  -0.1403  -0.0472   0.1018   0.1302   0.0044  -0.1266  -0.1076   0.0389   0.1393   0.0747  -0.0784  -0.1387  -0.0347   0.1104   0.1247  -0.0087  -0.1318  -0.0987   0.0513   0.1406   0.0633  -0.0890  -0.1358  -0.0218   0.1181   0.1181  -0.0218  -0.1358  -0.0890   0.0633   0.1406   0.0513  -0.0987  -0.1318  -0.0087   0.1247   0.1104  -0.0347  -0.1387  -0.0784   0.0747   0.1393   0.0389  -0.1076  -0.1266   0.0044   0.1302   0.1018  -0.0472  -0.1403  -0.0672   0.0855   0.1369   0.0261  -0.1156  -0.1204   0.0175   0.1346   0.0923  -0.0594  -0.1407  -0.0554   0.0956   0.1333   0.0131  -0.1226  -0.1131   0.0304   0.1379   0.0820  -0.0710  -0.1399  -0.0431   0.1048   0.1285

12667.8   0.1302   0.0987  -0.0554  -0.1407  -0.0513   0.1018   0.1285  -0.0044  -0.1318  -0.0956   0.0594   0.1406   0.0472  -0.1048  -0.1266   0.0087   0.1333   0.0923  -0.0633  -0.1403  -0.0431   0.1076   0.1247  -0.0131  -0.1346  -0.0890   0.0672   0.1399   0.0389  -0.1104  -0.1226   0.0175   0.1358   0.0855  -0.0710  -0.1393  -0.0347   0.1131   0.1204  -0.0218  -0.1369  -0.0820   0.0747   0.1387   0.0304  -0.1156  -0.1181   0.0261   0.1379   0.0784  -0.0784  -0.1379  -0.0261   0.1181   0.1156  -0.0304  -0.1387  -0.0747   0.0820   0.1369   0.0218  -0.1204  -0.1131   0.0347   0.1393   0.0710  -0.0855  -0.1358  -0.0175   0.1226   0.1104  -0.0389  -0.1399  -0.0672   0.0890   0.1346   0.0131  -0.1247  -0.1076   0.0431   0.1403   0.0633  -0.0923  -0.1333  -0.0087   0.1266   0.1048  -0.0472  -0.1406  -0.0594   0.0956   0.1318   0.0044  -0.1285  -0.1018   0.0513   0.1407   0.0554  -0.0987  -0.1302

13258.7   0.1318   0.0923  -0.0672  -0.1393  -0.0304   0.1181   0.1131  -0.0389  -0.1403  -0.0594   0.0987   0.1285  -0.0087  -0.1346  -0.0855   0.0747   0.1379   0.0218  -0.1226  -0.1076   0.0472   0.1407   0.0513  -0.1048  -0.1247   0.0175   0.1369   0.0784  -0.0820  -0.1358  -0.0131   0.1266   0.1018  -0.0554  -0.1406  -0.0431   0.1104   0.1204  -0.0261  -0.1387  -0.0710   0.0890   0.1333   0.0044  -0.1302  -0.0956   0.0633   0.1399   0.0347  -0.1156  -0.1156   0.0347   0.1399   0.0633  -0.0956  -0.1302   0.0044   0.1333   0.0890  -0.0710  -0.1387  -0.0261   0.1204   0.1104  -0.0431  -0.1406  -0.0554   0.1018   0.1266  -0.0131  -0.1358  -0.0820   0.0784   0.1369   0.0175  -0.1247  -0.1048   0.0513   0.1407   0.0472  -0.1076  -0.1226   0.0218   0.1379   0.0747  -0.0855  -0.1346  -0.0087   0.1285   0.0987  -0.0594  -0.1403  -0.0389   0.1131   0.1181  -0.0304  -0.1393  -0.0672   0.0923   0.1318

13856.5  -0.1333  -0.0855   0.0784   0.1358   0.0087  -0.1302  -0.0923   0.0710   0.1379   0.0175  -0.1266  -0.0987   0.0633   0.1393   0.0261  -0.1226  -0.1048   0.0554   0.1403   0.0347  -0.1181  -0.1104   0.0472   0.1407   0.0431  -0.1131  -0.1156   0.0389   0.1406   0.0513  -0.1076  -0.1204   0.0304   0.1399   0.0594  -0.1018  -0.1247   0.0218   0.1387   0.0672  -0.0956  -0.1285   0.0131   0.1369   0.0747  -0.0890  -0.1318   0.0044   0.1346   0.0820  -0.0820  -0.1346  -0.0044   0.1318   0.0890  -0.0747  -0.1369  -0.0131   0.1285   0.0956  -0.0672  -0.1387  -0.0218   0.1247   0.1018  -0.0594  -0.1399  -0.0304   0.1204   0.1076  -0.0513  -0.1406  -0.0389   0.1156   0.1131  -0.0431  -0.1407  -0.0472   0.1104   0.1181  -0.0347  -0.1403  -0.0554   0.1048   0.1226  -0.0261  -0.1393  -0.0633   0.0987   0.1266  -0.0175  -0.1379  -0.0710   0.0923   0.1302  -0.0087  -0.1358  -0.0784   0.0855   0.1333

14460.6  -0.1346  -0.0784   0.0890   0.1302  -0.0131  -0.1379  -0.0672   0.0987   0.1247  -0.0261  -0.1399  -0.0554   0.1076   0.1181  -0.0389  -0.1407  -0.0431   0.1156   0.1104  -0.0513  -0.1403  -0.0304   0.1226   0.1018  -0.0633  -0.1387  -0.0175   0.1285   0.0923  -0.0747  -0.1358  -0.0044   0.1333   0.0820  -0.0855  -0.1318   0.0087   0.1369   0.0710  -0.0956  -0.1266   0.0218   0.1393   0.0594  -0.1048  -0.1204   0.0347   0.1406   0.0472  -0.1131  -0.1131   0.0472   0.1406   0.0347  -0.1204  -0.1048   0.0594   0.1393   0.0218  -0.1266  -0.0956   0.0710   0.1369   0.0087  -0.1318  -0.0855   0.0820   0.1333  -0.0044  -0.1358  -0.0747   0.0923   0.1285  -0.0175  -0.1387  -0.0633   0.1018   0.1226  -0.0304  -0.1403  -0.0513   0.1104   0.1156  -0.0431  -0.1407  -0.0389   0.1181   0.1076  -0.0554  -0.1399  -0.0261   0.1247   0.0987  -0.0672  -0.1379  -0.0131   0.1302   0.0890  -0.0784  -0.1346

15070.5  -0.1358  -0.0710   0.0987   0.1226  -0.0347  -0.1407  -0.0389   0.1204   0.1018  -0.0672  -0.1369  -0.0044   0.1346   0.0747  -0.0956  -0.1247   0.0304   0.1406   0.0431  -0.1181  -0.1048   0.0633   0.1379   0.0087  -0.1333  -0.0784   0.0923   0.1266  -0.0261  -0.1403  -0.0472   0.1156   0.1076  -0.0594  -0.1387  -0.0131   0.1318   0.0820  -0.0890  -0.1285   0.0218   0.1399   0.0513  -0.1131  -0.1104   0.0554   0.1393   0.0175  -0.1302  -0.0855   0.0855   0.1302  -0.0175  -0.1393  -0.0554   0.1104   0.1131  -0.0513  -0.1399  -0.0218   0.1285   0.0890  -0.0820  -0.1318   0.0131   0.1387   0.0594  -0.1076  -0.1156   0.0472   0.1403   0.0261  -0.1266  -0.0923   0.0784   0.1333  -0.0087  -0.1379  -0.0633   0.1048   0.1181  -0.0431  -0.1406  -0.0304   0.1247   0.0956  -0.0747  -0.1346   0.0044   0.1369   0.0672  -0.1018  -0.1204   0.0389   0.1407   0.0347  -0.1226  -0.0987   0.0710   0.1358

15685.5  -0.1369  -0.0633   0.1076   0.1131  -0.0554  -0.1387  -0.0087   0.1346   0.0710  -0.1018  -0.1181   0.0472   0.1399   0.0175  -0.1318  -0.0784   0.0956   0.1226  -0.0389  -0.1406  -0.0261   0.1285   0.0855  -0.0890  -0.1266   0.0304   0.1407   0.0347  -0.1247  -0.0923   0.0820   0.1302  -0.0218  -0.1403  -0.0431   0.1204   0.0987  -0.0747  -0.1333   0.0131   0.1393   0.0513  -0.1156  -0.1048   0.0672   0.1358  -0.0044  -0.1379  -0.0594   0.1104   0.1104  -0.0594  -0.1379  -0.0044   0.1358   0.0672  -0.1048  -0.1156   0.0513   0.1393   0.0131  -0.1333  -0.0747   0.0987   0.1204  -0.0431  -0.1403  -0.0218   0.1302   0.0820  -0.0923  -0.1247   0.0347   0.1407   0.0304  -0.1266  -0.0890   0.0855   0.1285  -0.0261  -0.1406  -0.0389   0.1226   0.0956  -0.0784  -0.1318   0.0175   0.1399   0.0472  -0.1181  -0.1018   0.0710   0.1346  -0.0087  -0.1387  -0.0554   0.1131   0.1076  -0.0633  -0.1369

16305.1   0.1379   0.0554  -0.1156  -0.1018   0.0747   0.1318  -0.0218  -0.1406  -0.0347   0.1266   0.0855  -0.0923  -0.1226   0.0431   0.1399   0.0131  -0.1346  -0.0672   0.1076   0.1104  -0.0633  -0.1358   0.0087   0.1393   0.0472  -0.1204  -0.0956   0.0820   0.1285  -0.0304  -0.1407  -0.0261   0.1302   0.0784  -0.0987  -0.1181   0.0513   0.1387   0.0044  -0.1369  -0.0594   0.1131   0.1048  -0.0710  -0.1333   0.0175   0.1403   0.0389  -0.1247  -0.0890   0.0890   0.1247  -0.0389  -0.1403  -0.0175   0.1333   0.0710  -0.1048  -0.1131   0.0594   0.1369  -0.0044  -0.1387  -0.0513   0.1181   0.0987  -0.0784  -0.1302   0.0261   0.1407   0.0304  -0.1285  -0.0820   0.0956   0.1204  -0.0472  -0.1393  -0.0087   0.1358   0.0633  -0.1104  -0.1076   0.0672   0.1346  -0.0131  -0.1399  -0.0431   0.1226   0.0923  -0.0855  -0.1266   0.0347   0.1406   0.0218  -0.1318  -0.0747   0.1018   0.1156  -0.0554  -0.1379

16928.7   0.1387   0.0472  -0.1226  -0.0890   0.0923   0.1204  -0.0513  -0.1379   0.0044   0.1393   0.0431  -0.1247  -0.0855   0.0956   0.1181  -0.0554  -0.1369   0.0087   0.1399   0.0389  -0.1266  -0.0820   0.0987   0.1156  -0.0594  -0.1358   0.0131   0.1403   0.0347  -0.1285  -0.0784   0.1018   0.1131  -0.0633  -0.1346   0.0175   0.1406   0.0304  -0.1302  -0.0747   0.1048   0.1104  -0.0672  -0.1333   0.0218   0.1407   0.0261  -0.1318  -0.0710   0.1076   0.1076  -0.0710  -0.1318   0.0261   0.1407   0.0218  -0.1333  -0.0672   0.1104   0.1048  -0.0747  -0.1302   0.0304   0.1406   0.0175  -0.1346  -0.0633   0.1131   0.1018  -0.0784  -0.1285   0.0347   0.1403   0.0131  -0.1358  -0.0594   0.1156   0.0987  -0.0820  -0.1266   0.0389   0.1399   0.0087  -0.1369  -0.0554   0.1181   0.0956  -0.0855  -0.1247   0.0431   0.1393   0.0044  -0.1379  -0.0513   0.1204   0.0923  -0.0890  -0.1226   0.0472   0.1387

17555.6   0.1393   0.0389  -0.1285  -0.0747   0.1076   0.1048  -0.0784  -0.1266   0.0431   0.1387  -0.0044  -0.1399  -0.0347   0.1302   0.0710  -0.1104  -0.1018   0.0820   0.1247  -0.0472  -0.1379   0.0087   0.1403   0.0304  -0.1318  -0.0672   0.1131   0.0987  -0.0855  -0.1226   0.0513   0.1369  -0.0131  -0.1406  -0.0261   0.1333   0.0633  -0.1156  -0.0956   0.0890   0.1204  -0.0554  -0.1358   0.0175   0.1407   0.0218  -0.1346  -0.0594   0.1181   0.0923  -0.0923  -0.1181   0.0594   0.1346  -0.0218  -0.1407  -0.0175   0.1358   0.0554  -0.1204  -0.0890   0.0956   0.1156  -0.0633  -0.1333   0.0261   0.1406   0.0131  -0.1369  -0.0513   0.1226   0.0855  -0.0987  -0.1131   0.0672   0.1318  -0.0304  -0.1403  -0.0087   0.1379   0.0472  -0.1247  -0.0820   0.1018   0.1104  -0.0710  -0.1302   0.0347   0.1399   0.0044  -0.1387  -0.0431   0.1266   0.0784  -0.1048  -0.1076   0.0747   0.1285  -0.0389  -0.1393

18185.3   0.1399   0.0304  -0.1333  -0.0594   0.1204   0.0855  -0.1018  -0.1076   0.0784   0.1247  -0.0513  -0.1358   0.0218   0.1406   0.0087  -0.1387  -0.0389   0.1302   0.0672  -0.1156  -0.0923   0.0956   0.1131  -0.0710  -0.1285   0.0431   0.1379  -0.0131  -0.1407  -0.0175   0.1369   0.0472  -0.1266  -0.0747   0.1104   0.0987  -0.0890  -0.1181   0.0633   0.1318  -0.0347  -0.1393   0.0044   0.1403   0.0261  -0.1346  -0.0554   0.1226   0.0820  -0.1048  -0.1048   0.0820   0.1226  -0.0554  -0.1346   0.0261   0.1403   0.0044  -0.1393  -0.0347   0.1318   0.0633  -0.1181  -0.0890   0.0987   0.1104  -0.0747  -0.1266   0.0472   0.1369  -0.0175  -0.1407  -0.0131   0.1379   0.0431  -0.1285  -0.0710   0.1131   0.0956  -0.0923  -0.1156   0.0672   0.1302  -0.0389  -0.1387   0.0087   0.1406   0.0218  -0.1358  -0.0513   0.1247   0.0784  -0.1076  -0.1018   0.0855   0.1204  -0.0594  -0.1333   0.0304   0.1399

18817.1   0.1403   0.0218  -0.1369  -0.0431   0.1302   0.0633  -0.1204  -0.0820   0.1076   0.0987  -0.0923  -0.1131   0.0747   0.1247  -0.0554  -0.1333   0.0347   0.1387  -0.0131  -0.1407  -0.0087   0.1393   0.0304  -0.1346  -0.0513   0.1266   0.0710  -0.1156  -0.0890   0.1018   0.1048  -0.0855  -0.1181   0.0672   0.1285  -0.0472  -0.1358   0.0261   0.1399  -0.0044  -0.1406  -0.0175   0.1379   0.0389  -0.1318  -0.0594   0.1226   0.0784  -0.1104  -0.0956   0.0956   0.1104  -0.0784  -0.1226   0.0594   0.1318  -0.0389  -0.1379   0.0175   0.1406   0.0044  -0.1399  -0.0261   0.1358   0.0472  -0.1285  -0.0672   0.1181   0.0855  -0.1048  -0.1018   0.0890   0.1156  -0.0710  -0.1266   0.0513   0.1346  -0.0304  -0.1393   0.0087   0.1407   0.0131  -0.1387  -0.0347   0.1333   0.0554  -0.1247  -0.0747   0.1131   0.0923  -0.0987  -0.1076   0.0820   0.1204  -0.0633  -0.1302   0.0431   0.1369  -0.0218  -0.1403

19450.4  -0.1406  -0.0131   0.1393   0.0261  -0.1369  -0.0389   0.1333   0.0513  -0.1285  -0.0633   0.1226   0.0747  -0.1156  -0.0855   0.1076   0.0956  -0.0987  -0.1048   0.0890   0.1131  -0.0784  -0.1204   0.0672   0.1266  -0.0554  -0.1318   0.0431   0.1358  -0.0304  -0.1387   0.0175   0.1403  -0.0044  -0.1407  -0.0087   0.1399   0.0218  -0.1379  -0.0347   0.1346   0.0472  -0.1302  -0.0594   0.1247   0.0710  -0.1181  -0.0820   0.1104   0.0923  -0.1018  -0.1018   0.0923   0.1104  -0.0820  -0.1181   0.0710   0.1247  -0.0594  -0.1302   0.0472   0.1346  -0.0347  -0.1379   0.0218   0.1399  -0.0087  -0.1407  -0.0044   0.1403   0.0175  -0.1387  -0.0304   0.1358   0.0431  -0.1318  -0.0554   0.1266   0.0672  -0.1204  -0.0784   0.1131   0.0890  -0.1048  -0.0987   0.0956   0.1076  -0.0855  -0.1156   0.0747   0.1226  -0.0633  -0.1285   0.0513   0.1333  -0.0389  -0.1369   0.0261   0.1393  -0.0131  -0.1406

20084.7   0.1407   0.0044  -0.1406  -0.0087   0.1403   0.0131  -0.1399  -0.0175   0.1393   0.0218  -0.1387  -0.0261   0.1379   0.0304  -0.1369  -0.0347   0.1358   0.0389  -0.1346  -0.0431   0.1333   0.0472  -0.1318  -0.0513   0.1302   0.0554  -0.1285  -0.0594   0.1266   0.0633  -0.1247  -0.0672   0.1226   0.0710  -0.1204  -0.0747   0.1181   0.0784  -0.1156  -0.0820   0.1131   0.0855  -0.1104  -0.0890   0.1076   0.0923  -0.1048  -0.0956   0.1018   0.0987  -0.0987  -0.1018   0.0956   0.1048  -0.0923  -0.1076   0.0890   0.1104  -0.0855  -0.1131   0.0820   0.1156  -0.0784  -0.1181   0.0747   0.1204  -0.0710  -0.1226   0.0672   0.1247  -0.0633  -0.1266   0.0594   0.1285  -0.0554  -0.1302   0.0513   0.1318  -0.0472  -0.1333   0.0431   0.1346  -0.0389  -0.1358   0.0347   0.1369  -0.0304  -0.1379   0.0261   0.1387  -0.0218  -0.1393   0.0175   0.1399  -0.0131  -0.1403   0.0087   0.1406  -0.0044  -0.1407

20719.3   0.1407  -0.0044  -0.1406   0.0087   0.1403  -0.0131  -0.1399   0.0175   0.1393  -0.0218  -0.1387   0.0261   0.1379  -0.0304  -0.1369   0.0347   0.1358  -0.0389  -0.1346   0.0431   0.1333  -0.0472  -0.1318   0.0513   0.1302  -0.0554  -0.1285   0.0594   0.1266  -0.0633  -0.1247   0.0672   0.1226  -0.0710  -0.1204   0.0747   0.1181  -0.0784  -0.1156   0.0820   0.1131  -0.0855  -0.1104   0.0890   0.1076  -0.0923  -0.1048   0.0956   0.1018  -0.0987  -0.0987   0.1018   0.0956  -0.1048  -0.0923   0.1076   0.0890  -0.1104  -0.0855   0.1131   0.0820  -0.1156  -0.0784   0.1181   0.0747  -0.1204  -0.0710   0.1226   0.0672  -0.1247  -0.0633   0.1266   0.0594  -0.1285  -0.0554   0.1302   0.0513  -0.1318  -0.0472   0.1333   0.0431  -0.1346  -0.0389   0.1358   0.0347  -0.1369  -0.0304   0.1379   0.0261  -0.1387  -0.0218   0.1393   0.0175  -0.1399  -0.0131   0.1403   0.0087  -0.1406  -0.0044   0.1407

21353.6  -0.1406   0.0131   0.1393  -0.0261  -0.1369   0.0389   0.1333  -0.0513  -0.1285   0.0633   0.1226  -0.0747  -0.1156   0.0855   0.1076  -0.0956  -0.0987   0.1048   0.0890  -0.1131  -0.0784   0.1204   0.0672  -0.1266  -0.0554   0.1318   0.0431  -0.1358  -0.0304   0.1387   0.0175  -0.1403  -0.0044   0.1407  -0.0087  -0.1399   0.0218   0.1379  -0.0347  -0.1346   0.0472   0.1302  -0.0594  -0.1247   0.0710   0.1181  -0.0820  -0.1104   0.0923   0.1018  -0.1018  -0.0923   0.1104   0.0820  -0.1181  -0.0710   0.1247   0.0594  -0.1302  -0.0472   0.1346   0.0347  -0.1379  -0.0218   0.1399   0.0087  -0.1407   0.0044   0.1403  -0.0175  -0.1387   0.0304   0.1358  -0.0431  -0.1318   0.0554   0.1266  -0.0672  -0.1204   0.0784   0.1131  -0.0890  -0.1048   0.0987   0.0956  -0.1076  -0.0855   0.1156   0.0747  -0.1226  -0.0633   0.1285   0.0513  -0.1333  -0.0389   0.1369   0.0261  -0.1393  -0.0131   0.1406

21986.9   0.1403  -0.0218  -0.1369   0.0431   0.1302  -0.0633  -0.1204   0.0820   0.1076  -0.0987  -0.0923   0.1131   0.0747  -0.1247  -0.0554   0.1333   0.0347  -0.1387  -0.0131   0.1407  -0.0087  -0.1393   0.0304   0.1346  -0.0513  -0.1266   0.0710   0.1156  -0.0890  -0.1018   0.1048   0.0855  -0.1181  -0.0672   0.1285   0.0472  -0.1358  -0.0261   0.1399   0.0044  -0.1406   0.0175   0.1379  -0.0389  -0.1318   0.0594   0.1226  -0.0784  -0.1104   0.0956   0.0956  -0.1104  -0.0784   0.1226   0.0594  -0.1318  -0.0389   0.1379   0.0175  -0.1406   0.0044   0.1399  -0.0261  -0.1358   0.0472   0.1285  -0.0672  -0.1181   0.0855   0.1048  -0.1018  -0.0890   0.1156   0.0710  -0.1266  -0.0513   0.1346   0.0304  -0.1393  -0.0087   0.1407  -0.0131  -0.1387   0.0347   0.1333  -0.0554  -0.1247   0.0747   0.1131  -0.0923  -0.0987   0.1076   0.0820  -0.1204  -0.0633   0.1302   0.0431  -0.1369  -0.0218   0.1403

22618.7  -0.1399   0.0304   0.1333  -0.0594  -0.1204   0.0855   0.1018  -0.1076  -0.0784   0.1247   0.0513  -0.1358  -0.0218   0.1406  -0.0087  -0.1387   0.0389   0.1302  -0.0672  -0.1156   0.0923   0.0956  -0.1131  -0.0710   0.1285   0.0431  -0.1379  -0.0131   0.1407  -0.0175  -0.1369   0.0472   0.1266  -0.0747  -0.1104   0.0987   0.0890  -0.1181  -0.0633   0.1318   0.0347  -0.1393  -0.0044   0.1403  -0.0261  -0.1346   0.0554   0.1226  -0.0820  -0.1048   0.1048   0.0820  -0.1226  -0.0554   0.1346   0.0261  -0.1403   0.0044   0.1393  -0.0347  -0.1318   0.0633   0.1181  -0.0890  -0.0987   0.1104   0.0747  -0.1266  -0.0472   0.1369   0.0175  -0.1407   0.0131   0.1379  -0.0431  -0.1285   0.0710   0.1131  -0.0956  -0.0923   0.1156   0.0672  -0.1302  -0.0389   0.1387   0.0087  -0.1406   0.0218   0.1358  -0.0513  -0.1247   0.0784   0.1076  -0.1018  -0.0855   0.1204   0.0594  -0.1333  -0.0304   0.1399

23248.4  -0.1393   0.0389   0.1285  -0.0747  -0.1076   0.1048   0.0784  -0.1266  -0.0431   0.1387   0.0044  -0.1399   0.0347   0.1302  -0.0710  -0.1104   0.1018   0.0820  -0.1247  -0.0472   0.1379   0.0087  -0.1403   0.0304   0.1318  -0.0672  -0.1131   0.0987   0.0855  -0.1226  -0.0513   0.1369   0.0131  -0.1406   0.0261   0.1333  -0.0633  -0.1156   0.0956   0.0890  -0.1204  -0.0554   0.1358   0.0175  -0.1407   0.0218   0.1346  -0.0594  -0.1181   0.0923   0.0923  -0.1181  -0.0594   0.1346   0.0218  -0.1407   0.0175   0.1358  -0.0554  -0.1204   0.0890   0.0956  -0.1156  -0.0633   0.1333   0.0261  -0.1406   0.0131   0.1369  -0.0513  -0.1226   0.0855   0.0987  -0.1131  -0.0672   0.1318   0.0304  -0.1403   0.0087   0.1379  -0.0472  -0.1247   0.0820   0.1018  -0.1104  -0.0710   0.1302   0.0347  -0.1399   0.0044   0.1387  -0.0431  -0.1266   0.0784   0.1048  -0.1076  -0.0747   0.1285   0.0389  -0.1393

23875.3   0.1387  -0.0472  -0.1226   0.0890   0.0923  -0.1204  -0.0513   0.1379   0.0044  -0.1393   0.0431   0.1247  -0.0855  -0.0956   0.1181   0.0554  -0.1369  -0.0087   0.1399  -0.0389  -0.1266   0.0820   0.0987  -0.1156  -0.0594   0.1358   0.0131  -0.1403   0.0347   0.1285  -0.0784  -0.1018   0.1131   0.0633  -0.1346  -0.0175   0.1406  -0.0304  -0.1302   0.0747   0.1048  -0.1104  -0.0672   0.1333   0.0218  -0.1407   0.0261   0.1318  -0.0710  -0.1076   0.1076   0.0710  -0.1318  -0.0261   0.1407  -0.0218  -0.1333   0.0672   0.1104  -0.1048  -0.0747   0.1302   0.0304  -0.1406   0.0175   0.1346  -0.0633  -0.1131   0.1018   0.0784  -0.1285  -0.0347   0.1403  -0.0131  -0.1358   0.0594   0.1156  -0.0987  -0.0820   0.1266   0.0389  -0.1399   0.0087   0.1369  -0.0554  -0.1181   0.0956   0.0855  -0.1247  -0.0431   0.1393  -0.0044  -0.1379   0.0513   0.1204  -0.0923  -0.0890   0.1226   0.0472  -0.1387

24498.9   0.1379  -0.0554  -0.1156   0.1018   0.0747  -0.1318  -0.0218   0.1406  -0.0347  -0.1266   0.0855   0.0923  -0.1226  -0.0431   0.1399  -0.0131  -0.1346   0.0672   0.1076  -0.1104  -0.0633   0.1358   0.0087  -0.1393   0.0472   0.1204  -0.0956  -0.0820   0.1285   0.0304  -0.1407   0.0261   0.1302  -0.0784  -0.0987   0.1181   0.0513  -0.1387   0.0044   0.1369  -0.0594  -0.1131   0.1048   0.0710  -0.1333  -0.0175   0.1403  -0.0389  -0.1247   0.0890   0.0890  -0.1247  -0.0389   0.1403  -0.0175  -0.1333   0.0710   0.1048  -0.1131  -0.0594   0.1369   0.0044  -0.1387   0.0513   0.1181  -0.0987  -0.0784   0.1302   0.0261  -0.1407   0.0304   0.1285  -0.0820  -0.0956   0.1204   0.0472  -0.1393   0.0087   0.1358  -0.0633  -0.1104   0.1076   0.0672  -0.1346  -0.0131   0.1399  -0.0431  -0.1226   0.0923   0.0855  -0.1266  -0.0347   0.1406  -0.0218  -0.1318   0.0747   0.1018  -0.1156  -0.0554   0.1379

25118.5  -0.1369   0.0633   0.1076  -0.1131  -0.0554   0.1387  -0.0087  -0.1346   0.0710   0.1018  -0.1181  -0.0472   0.1399  -0.0175  -0.1318   0.0784   0.0956  -0.1226  -0.0389   0.1406  -0.0261  -0.1285   0.0855   0.0890  -0.1266  -0.0304   0.1407  -0.0347  -0.1247   0.0923   0.0820  -0.1302  -0.0218   0.1403  -0.0431  -0.1204   0.0987   0.0747  -0.1333  -0.0131   0.1393  -0.0513  -0.1156   0.1048   0.0672  -0.1358  -0.0044   0.1379  -0.0594  -0.1104   0.1104   0.0594  -0.1379   0.0044   0.1358  -0.0672  -0.1048   0.1156   0.0513  -0.1393   0.0131   0.1333  -0.0747  -0.0987   0.1204   0.0431  -0.1403   0.0218   0.1302  -0.0820  -0.0923   0.1247   0.0347  -0.1407   0.0304   0.1266  -0.0890  -0.0855   0.1285   0.0261  -0.1406   0.0389   0.1226  -0.0956  -0.0784   0.1318   0.0175  -0.1399   0.0472   0.1181  -0.1018  -0.0710   0.1346   0.0087  -0.1387   0.0554   0.1131  -0.1076  -0.0633   0.1369

25733.5  -0.1358   0.0710   0.0987  -0.1226  -0.0347   0.1407  -0.0389  -0.1204   0.1018   0.0672  -0.1369   0.0044   0.1346  -0.0747  -0.0956   0.1247   0.0304  -0.1406   0.0431   0.1181  -0.1048  -0.0633   0.1379  -0.0087  -0.1333   0.0784   0.0923  -0.1266  -0.0261   0.1403  -0.0472  -0.1156   0.1076   0.0594  -0.1387   0.0131   0.1318  -0.0820  -0.0890   0.1285   0.0218  -0.1399   0.0513   0.1131  -0.1104  -0.0554   0.1393  -0.0175  -0.1302   0.0855   0.0855  -0.1302  -0.0175   0.1393  -0.0554  -0.1104   0.1131   0.0513  -0.1399   0.0218   0.1285  -0.0890  -0.0820   0.1318   0.0131  -0.1387   0.0594   0.1076  -0.1156  -0.0472   0.1403  -0.0261  -0.1266   0.0923   0.0784  -0.1333  -0.0087   0.1379  -0.0633  -0.1048   0.1181   0.0431  -0.1406   0.0304   0.1247  -0.0956  -0.0747   0.1346   0.0044  -0.1369   0.0672   0.1018  -0.1204  -0.0389   0.1407  -0.0347  -0.1226   0.0987   0.0710  -0.1358

26343.4   0.1346  -0.0784  -0.0890   0.1302   0.0131  -0.1379   0.0672   0.0987  -0.1247  -0.0261   0.1399  -0.0554  -0.1076   0.1181   0.0389  -0.1407   0.0431   0.1156  -0.1104  -0.0513   0.1403  -0.0304  -0.1226   0.1018   0.0633  -0.1387   0.0175   0.1285  -0.0923  -0.0747   0.1358  -0.0044  -0.1333   0.0820   0.0855  -0.1318  -0.0087   0.1369  -0.0710  -0.0956   0.1266   0.0218  -0.1393   0.0594   0.1048  -0.1204  -0.0347   0.1406  -0.0472  -0.1131   0.1131   0.0472  -0.1406   0.0347   0.1204  -0.1048  -0.0594   0.1393  -0.0218  -0.1266   0.0956   0.0710  -0.1369   0.0087   0.1318  -0.0855  -0.0820   0.1333   0.0044  -0.1358   0.0747   0.0923  -0.1285  -0.0175   0.1387  -0.0633  -0.1018   0.1226   0.0304  -0.1403   0.0513   0.1104  -0.1156  -0.0431   0.1407  -0.0389  -0.1181   0.1076   0.0554  -0.1399   0.0261   0.1247  -0.0987  -0.0672   0.1379  -0.0131  -0.1302   0.0890   0.0784  -0.1346

26947.5   0.1333  -0.0855  -0.0784   0.1358  -0.0087  -0.1302   0.0923   0.0710  -0.1379   0.0175   0.1266  -0.0987  -0.0633   0.1393  -0.0261  -0.1226   0.1048   0.0554  -0.1403   0.0347   0.1181  -0.1104  -0.0472   0.1407  -0.0431  -0.1131   0.1156   0.0389  -0.1406   0.0513   0.1076  -0.1204  -0.0304   0.1399  -0.0594  -0.1018   0.1247   0.0218  -0.1387   0.0672   0.0956  -0.1285  -0.0131   0.1369  -0.0747  -0.0890   0.1318   0.0044  -0.1346   0.0820   0.0820  -0.1346   0.0044   0.1318  -0.0890  -0.0747   0.1369  -0.0131  -0.1285   0.0956   0.0672  -0.1387   0.0218   0.1247  -0.1018  -0.0594   0.1399  -0.0304  -0.1204   0.1076   0.0513  -0.1406   0.0389   0.1156  -0.1131  -0.0431   0.1407  -0.0472  -0.1104   0.1181   0.0347  -0.1403   0.0554   0.1048  -0.1226  -0.0261   0.1393  -0.0633  -0.0987   0.1266   0.0175  -0.1379   0.0710   0.0923  -0.1302  -0.0087   0.1358  -0.0784  -0.0855   0.1333

27545.3   0.1318  -0.0923  -0.0672   0.1393  -0.0304  -0.1181   0.1131   0.0389  -0.1403   0.0594   0.0987  -0.1285  -0.0087   0.1346  -0.0855  -0.0747   0.1379  -0.0218  -0.1226   0.1076   0.0472  -0.1407   0.0513   0.1048  -0.1247  -0.0175   0.1369  -0.0784  -0.0820   0.1358  -0.0131  -0.1266   0.1018   0.0554  -0.1406   0.0431   0.1104  -0.1204  -0.0261   0.1387  -0.0710  -0.0890   0.1333  -0.0044  -0.1302   0.0956   0.0633  -0.1399   0.0347   0.1156  -0.1156  -0.0347   0.1399  -0.0633  -0.0956   0.1302   0.0044  -0.1333   0.0890   0.0710  -0.1387   0.0261   0.1204  -0.1104  -0.0431   0.1406  -0.0554  -0.1018   0.1266   0.0131  -0.1358   0.0820   0.0784  -0.1369   0.0175   0.1247  -0.1048  -0.0513   0.1407  -0.0472  -0.1076   0.1226   0.0218  -0.1379   0.0747   0.0855  -0.1346   0.0087   0.1285  -0.0987  -0.0594   0.1403  -0.0389  -0.1131   0.1181   0.0304  -0.1393   0.0672   0.0923  -0.1318

28136.2   0.1302  -0.0987  -0.0554   0.1407  -0.0513  -0.1018   0.1285   0.0044  -0.1318   0.0956   0.0594  -0.1406   0.0472   0.1048  -0.1266  -0.0087   0.1333  -0.0923  -0.0633   0.1403  -0.0431  -0.1076   0.1247   0.0131  -0.1346   0.0890   0.0672  -0.1399   0.0389   0.1104  -0.1226  -0.0175   0.1358  -0.0855  -0.0710   0.1393  -0.0347  -0.1131   0.1204   0.0218  -0.1369   0.0820   0.0747  -0.1387   0.0304   0.1156  -0.1181  -0.0261   0.1379  -0.0784  -0.0784   0.1379  -0.0261  -0.1181   0.1156   0.0304  -0.1387   0.0747   0.0820  -0.1369   0.0218   0.1204  -0.1131  -0.0347   0.1393  -0.0710  -0.0855   0.1358  -0.0175  -0.1226   0.1104   0.0389  -0.1399   0.0672   0.0890  -0.1346   0.0131   0.1247  -0.1076  -0.0431   0.1403  -0.0633  -0.0923   0.1333  -0.0087  -0.1266   0.1048   0.0472  -0.1406   0.0594   0.0956  -0.1318   0.0044   0.1285  -0.1018  -0.0513   0.1407  -0.0554  -0.0987   0.1302

28719.6  -0.1285   0.1048   0.0431  -0.1399   0.0710   0.0820  -0.1379   0.0304   0.1131  -0.1226  -0.0131   0.1333  -0.0956  -0.0554   0.1407  -0.0594  -0.0923   0.1346  -0.0175  -0.1204   0.1156   0.0261  -0.1369   0.0855   0.0672  -0.1403   0.0472   0.1018  -0.1302   0.0044   0.1266  -0.1076  -0.0389   0.1393  -0.0747  -0.0784   0.1387  -0.0347  -0.1104   0.1247   0.0087  -0.1318   0.0987   0.0513  -0.1406   0.0633   0.0890  -0.1358   0.0218   0.1181  -0.1181  -0.0218   0.1358  -0.0890  -0.0633   0.1406  -0.0513  -0.0987   0.1318  -0.0087  -0.1247   0.1104   0.0347  -0.1387   0.0784   0.0747  -0.1393   0.0389   0.1076  -0.1266  -0.0044   0.1302  -0.1018  -0.0472   0.1403  -0.0672  -0.0855   0.1369  -0.0261  -0.1156   0.1204   0.0175  -0.1346   0.0923   0.0594  -0.1407   0.0554   0.0956  -0.1333   0.0131   0.1226  -0.1131  -0.0304   0.1379  -0.0820  -0.0710   0.1399  -0.0431  -0.1048   0.1285

29294.9   0.1266  -0.1104  -0.0304   0.1369  -0.0890  -0.0594   0.1407  -0.0633  -0.0855   0.1379  -0.0347  -0.1076   0.1285  -0.0044  -0.1247   0.1131   0.0261  -0.1358   0.0923   0.0554  -0.1406   0.0672   0.0820  -0.1387   0.0389   0.1048  -0.1302   0.0087   0.1226  -0.1156  -0.0218   0.1346  -0.0956  -0.0513   0.1403  -0.0710  -0.0784   0.1393  -0.0431  -0.1018   0.1318  -0.0131  -0.1204   0.1181   0.0175  -0.1333   0.0987   0.0472  -0.1399   0.0747   0.0747  -0.1399   0.0472   0.0987  -0.1333   0.0175   0.1181  -0.1204  -0.0131   0.1318  -0.1018  -0.0431   0.1393  -0.0784  -0.0710   0.1403  -0.0513  -0.0956   0.1346  -0.0218  -0.1156   0.1226   0.0087  -0.1302   0.1048   0.0389  -0.1387   0.0820   0.0672  -0.1406   0.0554   0.0923  -0.1358   0.0261   0.1131  -0.1247  -0.0044   0.1285  -0.1076  -0.0347   0.1379  -0.0855  -0.0633   0.1407  -0.0594  -0.0890   0.1369  -0.0304  -0.1104   0.1266

29861.7   0.1247  -0.1156  -0.0175   0.1318  -0.1048  -0.0347   0.1369  -0.0923  -0.0513   0.1399  -0.0784  -0.0672   0.1407  -0.0633  -0.0820   0.1393  -0.0472  -0.0956   0.1358  -0.0304  -0.1076   0.1302  -0.0131  -0.1181   0.1226   0.0044  -0.1266   0.1131   0.0218  -0.1333   0.1018   0.0389  -0.1379   0.0890   0.0554  -0.1403   0.0747   0.0710  -0.1406   0.0594   0.0855  -0.1387   0.0431   0.0987  -0.1346   0.0261   0.1104  -0.1285   0.0087   0.1204  -0.1204  -0.0087   0.1285  -0.1104  -0.0261   0.1346  -0.0987  -0.0431   0.1387  -0.0855  -0.0594   0.1406  -0.0710  -0.0747   0.1403  -0.0554  -0.0890   0.1379  -0.0389  -0.1018   0.1333  -0.0218  -0.1131   0.1266  -0.0044  -0.1226   0.1181   0.0131  -0.1302   0.1076   0.0304  -0.1358   0.0956   0.0472  -0.1393   0.0820   0.0633  -0.1407   0.0672   0.0784  -0.1399   0.0513   0.0923  -0.1369   0.0347   0.1048  -0.1318   0.0175   0.1156  -0.1247

30419.3  -0.1226   0.1204   0.0044  -0.1247   0.1181   0.0087  -0.1266   0.1156   0.0131  -0.1285   0.1131   0.0175  -0.1302   0.1104   0.0218  -0.1318   0.1076   0.0261  -0.1333   0.1048   0.0304  -0.1346   0.1018   0.0347  -0.1358   0.0987   0.0389  -0.1369   0.0956   0.0431  -0.1379   0.0923   0.0472  -0.1387   0.0890   0.0513  -0.1393   0.0855   0.0554  -0.1399   0.0820   0.0594  -0.1403   0.0784   0.0633  -0.1406   0.0747   0.0672  -0.1407   0.0710   0.0710  -0.1407   0.0672   0.0747  -0.1406   0.0633   0.0784  -0.1403   0.0594   0.0820  -0.1399   0.0554   0.0855  -0.1393   0.0513   0.0890  -0.1387   0.0472   0.0923  -0.1379   0.0431   0.0956  -0.1369   0.0389   0.0987  -0.1358   0.0347   0.1018  -0.1346   0.0304   0.1048  -0.1333   0.0261   0.1076  -0.1318   0.0218   0.1104  -0.1302   0.0175   0.1131  -0.1285   0.0131   0.1156  -0.1266   0.0087   0.1181  -0.1247   0.0044   0.1204  -0.1226

30967.2   0.1204  -0.1247   0.0087   0.1156  -0.1285   0.0175   0.1104  -0.1318   0.0261   0.1048  -0.1346   0.0347   0.0987  -0.1369   0.0431   0.0923  -0.1387   0.0513   0.0855  -0.1399   0.0594   0.0784  -0.1406   0.0672   0.0710  -0.1407   0.0747   0.0633  -0.1403   0.0820   0.0554  -0.1393   0.0890   0.0472  -0.1379   0.0956   0.0389  -0.1358   0.1018   0.0304  -0.1333   0.1076   0.0218  -0.1302   0.1131   0.0131  -0.1266   0.1181   0.0044  -0.1226   0.1226  -0.0044  -0.1181   0.1266  -0.0131  -0.1131   0.1302  -0.0218  -0.1076   0.1333  -0.0304  -0.1018   0.1358  -0.0389  -0.0956   0.1379  -0.0472  -0.0890   0.1393  -0.0554  -0.0820   0.1403  -0.0633  -0.0747   0.1407  -0.0710  -0.0672   0.1406  -0.0784  -0.0594   0.1399  -0.0855  -0.0513   0.1387  -0.0923  -0.0431   0.1369  -0.0987  -0.0347   0.1346  -0.1048  -0.0261   0.1318  -0.1104  -0.0175   0.1285  -0.1156  -0.0087   0.1247  -0.1204

31504.9   0.1181  -0.1285   0.0218   0.1048  -0.1358   0.0431   0.0890  -0.1399   0.0633   0.0710  -0.1406   0.0820   0.0513  -0.1379   0.0987   0.0304  -0.1318   0.1131   0.0087  -0.1226   0.1247  -0.0131  -0.1104   0.1333  -0.0347  -0.0956   0.1387  -0.0554  -0.0784   0.1407  -0.0747  -0.0594   0.1393  -0.0923  -0.0389   0.1346  -0.1076  -0.0175   0.1266  -0.1204   0.0044   0.1156  -0.1302   0.0261   0.1018  -0.1369   0.0472   0.0855  -0.1403   0.0672   0.0672  -0.1403   0.0855   0.0472  -0.1369   0.1018   0.0261  -0.1302   0.1156   0.0044  -0.1204   0.1266  -0.0175  -0.1076   0.1346  -0.0389  -0.0923   0.1393  -0.0594  -0.0747   0.1407  -0.0784  -0.0554   0.1387  -0.0956  -0.0347   0.1333  -0.1104  -0.0131   0.1247  -0.1226   0.0087   0.1131  -0.1318   0.0304   0.0987  -0.1379   0.0513   0.0820  -0.1406   0.0710   0.0633  -0.1399   0.0890   0.0431  -0.1358   0.1048   0.0218  -0.1285   0.1181

32031.8   0.1156  -0.1318   0.0347   0.0923  -0.1399   0.0672   0.0633  -0.1393   0.0956   0.0304  -0.1302   0.1181  -0.0044  -0.1131   0.1333  -0.0389  -0.0890   0.1403  -0.0710  -0.0594   0.1387  -0.0987  -0.0261   0.1285  -0.1204   0.0087   0.1104  -0.1346   0.0431   0.0855  -0.1406   0.0747   0.0554  -0.1379   0.1018   0.0218  -0.1266   0.1226  -0.0131  -0.1076   0.1358  -0.0472  -0.0820   0.1407  -0.0784  -0.0513   0.1369  -0.1048  -0.0175   0.1247  -0.1247   0.0175   0.1048  -0.1369   0.0513   0.0784  -0.1407   0.0820   0.0472  -0.1358   0.1076   0.0131  -0.1226   0.1266  -0.0218  -0.1018   0.1379  -0.0554  -0.0747   0.1406  -0.0855  -0.0431   0.1346  -0.1104  -0.0087   0.1204  -0.1285   0.0261   0.0987  -0.1387   0.0594   0.0710  -0.1403   0.0890   0.0389  -0.1333   0.1131   0.0044  -0.1181   0.1302  -0.0304  -0.0956   0.1393  -0.0633  -0.0672   0.1399  -0.0923  -0.0347   0.1318  -0.1156

32547.5   0.1131  -0.1346   0.0472   0.0784  -0.1406   0.0890   0.0347  -0.1302   0.1204  -0.0131  -0.1048   0.1379  -0.0594  -0.0672   0.1393  -0.0987  -0.0218   0.1247  -0.1266   0.0261   0.0956  -0.1399   0.0710   0.0554  -0.1369   0.1076   0.0087  -0.1181   0.1318  -0.0389  -0.0855   0.1407  -0.0820  -0.0431   0.1333  -0.1156   0.0044   0.1104  -0.1358   0.0513   0.0747  -0.1403   0.0923   0.0304  -0.1285   0.1226  -0.0175  -0.1018   0.1387  -0.0633  -0.0633   0.1387  -0.1018  -0.0175   0.1226  -0.1285   0.0304   0.0923  -0.1403   0.0747   0.0513  -0.1358   0.1104   0.0044  -0.1156   0.1333  -0.0431  -0.0820   0.1407  -0.0855  -0.0389   0.1318  -0.1181   0.0087   0.1076  -0.1369   0.0554   0.0710  -0.1399   0.0956   0.0261  -0.1266   0.1247  -0.0218  -0.0987   0.1393  -0.0672  -0.0594   0.1379  -0.1048  -0.0131   0.1204  -0.1302   0.0347   0.0890  -0.1406   0.0784   0.0472  -0.1346   0.1131

33051.4   0.1104  -0.1369   0.0594   0.0633  -0.1379   0.1076   0.0044  -0.1131   0.1358  -0.0554  -0.0672   0.1387  -0.1048  -0.0087   0.1156  -0.1346   0.0513   0.0710  -0.1393   0.1018   0.0131  -0.1181   0.1333  -0.0472  -0.0747   0.1399  -0.0987  -0.0175   0.1204  -0.1318   0.0431   0.0784  -0.1403   0.0956   0.0218  -0.1226   0.1302  -0.0389  -0.0820   0.1406  -0.0923  -0.0261   0.1247  -0.1285   0.0347   0.0855  -0.1407   0.0890   0.0304  -0.1266   0.1266  -0.0304  -0.0890   0.1407  -0.0855  -0.0347   0.1285  -0.1247   0.0261   0.0923  -0.1406   0.0820   0.0389  -0.1302   0.1226  -0.0218  -0.0956   0.1403  -0.0784  -0.0431   0.1318  -0.1204   0.0175   0.0987  -0.1399   0.0747   0.0472  -0.1333   0.1181  -0.0131  -0.1018   0.1393  -0.0710  -0.0513   0.1346  -0.1156   0.0087   0.1048  -0.1387   0.0672   0.0554  -0.1358   0.1131  -0.0044  -0.1076   0.1379  -0.0633  -0.0594   0.1369  -0.1104

33543.1   0.1076  -0.1387   0.0710   0.0472  -0.1318   0.1226  -0.0261  -0.0890   0.1407  -0.0923  -0.0218   0.1204  -0.1333   0.0513   0.0672  -0.1379   0.1104  -0.0044  -0.1048   0.1393  -0.0747  -0.0431   0.1302  -0.1247   0.0304   0.0855  -0.1406   0.0956   0.0175  -0.1181   0.1346  -0.0554  -0.0633   0.1369  -0.1131   0.0087   0.1018  -0.1399   0.0784   0.0389  -0.1285   0.1266  -0.0347  -0.0820   0.1403  -0.0987  -0.0131   0.1156  -0.1358   0.0594   0.0594  -0.1358   0.1156  -0.0131  -0.0987   0.1403  -0.0820  -0.0347   0.1266  -0.1285   0.0389   0.0784  -0.1399   0.1018   0.0087  -0.1131   0.1369  -0.0633  -0.0554   0.1346  -0.1181   0.0175   0.0956  -0.1406   0.0855   0.0304  -0.1247   0.1302  -0.0431  -0.0747   0.1393  -0.1048  -0.0044   0.1104  -0.1379   0.0672   0.0513  -0.1333   0.1204  -0.0218  -0.0923   0.1407  -0.0890  -0.0261   0.1226  -0.1318   0.0472   0.0710  -0.1387   0.1076

34022.1  -0.1048   0.1399  -0.0820  -0.0304   0.1226  -0.1333   0.0554   0.0594  -0.1346   0.1204  -0.0261  -0.0855   0.1403  -0.1018  -0.0044   0.1076  -0.1393   0.0784   0.0347  -0.1247   0.1318  -0.0513  -0.0633   0.1358  -0.1181   0.0218   0.0890  -0.1406   0.0987   0.0087  -0.1104   0.1387  -0.0747  -0.0389   0.1266  -0.1302   0.0472   0.0672  -0.1369   0.1156  -0.0175  -0.0923   0.1407  -0.0956  -0.0131   0.1131  -0.1379   0.0710   0.0431  -0.1285   0.1285  -0.0431  -0.0710   0.1379  -0.1131   0.0131   0.0956  -0.1407   0.0923   0.0175  -0.1156   0.1369  -0.0672  -0.0472   0.1302  -0.1266   0.0389   0.0747  -0.1387   0.1104  -0.0087  -0.0987   0.1406  -0.0890  -0.0218   0.1181  -0.1358   0.0633   0.0513  -0.1318   0.1247  -0.0347  -0.0784   0.1393  -0.1076   0.0044   0.1018  -0.1403   0.0855   0.0261  -0.1204   0.1346  -0.0594  -0.0554   0.1333  -0.1226   0.0304   0.0820  -0.1399   0.1048

34487.9   0.1018  -0.1406   0.0923   0.0131  -0.1104   0.1393  -0.0820  -0.0261   0.1181  -0.1369   0.0710   0.0389  -0.1247   0.1333  -0.0594  -0.0513   0.1302  -0.1285   0.0472   0.0633  -0.1346   0.1226  -0.0347  -0.0747   0.1379  -0.1156   0.0218   0.0855  -0.1399   0.1076  -0.0087  -0.0956   0.1407  -0.0987  -0.0044   0.1048  -0.1403   0.0890   0.0175  -0.1131   0.1387  -0.0784  -0.0304   0.1204  -0.1358   0.0672   0.0431  -0.1266   0.1318  -0.0554  -0.0554   0.1318  -0.1266   0.0431   0.0672  -0.1358   0.1204  -0.0304  -0.0784   0.1387  -0.1131   0.0175   0.0890  -0.1403   0.1048  -0.0044  -0.0987   0.1407  -0.0956  -0.0087   0.1076  -0.1399   0.0855   0.0218  -0.1156   0.1379  -0.0747  -0.0347   0.1226  -0.1346   0.0633   0.0472  -0.1285   0.1302  -0.0513  -0.0594   0.1333  -0.1247   0.0389   0.0710  -0.1369   0.1181  -0.0261  -0.0820   0.1393  -0.1104   0.0131   0.0923  -0.1406   0.1018

34940.1  -0.0987   0.1407  -0.1018   0.0044   0.0956  -0.1406   0.1048  -0.0087  -0.0923   0.1403  -0.1076   0.0131   0.0890  -0.1399   0.1104  -0.0175  -0.0855   0.1393  -0.1131   0.0218   0.0820  -0.1387   0.1156  -0.0261  -0.0784   0.1379  -0.1181   0.0304   0.0747  -0.1369   0.1204  -0.0347  -0.0710   0.1358  -0.1226   0.0389   0.0672  -0.1346   0.1247  -0.0431  -0.0633   0.1333  -0.1266   0.0472   0.0594  -0.1318   0.1285  -0.0513  -0.0554   0.1302  -0.1302   0.0554   0.0513  -0.1285   0.1318  -0.0594  -0.0472   0.1266  -0.1333   0.0633   0.0431  -0.1247   0.1346  -0.0672  -0.0389   0.1226  -0.1358   0.0710   0.0347  -0.1204   0.1369  -0.0747  -0.0304   0.1181  -0.1379   0.0784   0.0261  -0.1156   0.1387  -0.0820  -0.0218   0.1131  -0.1393   0.0855   0.0175  -0.1104   0.1399  -0.0890  -0.0131   0.1076  -0.1403   0.0923   0.0087  -0.1048   0.1406  -0.0956  -0.0044   0.1018  -0.1407   0.0987

35378.3   0.0956  -0.1403   0.1104  -0.0218  -0.0784   0.1369  -0.1226   0.0431   0.0594  -0.1302   0.1318  -0.0633  -0.0389   0.1204  -0.1379   0.0820   0.0175  -0.1076   0.1406  -0.0987   0.0044   0.0923  -0.1399   0.1131  -0.0261  -0.0747   0.1358  -0.1247   0.0472   0.0554  -0.1285   0.1333  -0.0672  -0.0347   0.1181  -0.1387   0.0855   0.0131  -0.1048   0.1407  -0.1018   0.0087   0.0890  -0.1393   0.1156  -0.0304  -0.0710   0.1346  -0.1266   0.0513   0.0513  -0.1266   0.1346  -0.0710  -0.0304   0.1156  -0.1393   0.0890   0.0087  -0.1018   0.1407  -0.1048   0.0131   0.0855  -0.1387   0.1181  -0.0347  -0.0672   0.1333  -0.1285   0.0554   0.0472  -0.1247   0.1358  -0.0747  -0.0261   0.1131  -0.1399   0.0923   0.0044  -0.0987   0.1406  -0.1076   0.0175   0.0820  -0.1379   0.1204  -0.0389  -0.0633   0.1318  -0.1302   0.0594   0.0431  -0.1226   0.1369  -0.0784  -0.0218   0.1104  -0.1403   0.0956

35801.9  -0.0923   0.1393  -0.1181   0.0389   0.0594  -0.1285   0.1346  -0.0747  -0.0218   0.1076  -0.1407   0.1048  -0.0175  -0.0784   0.1358  -0.1266   0.0554   0.0431  -0.1204   0.1387  -0.0890  -0.0044   0.0956  -0.1399   0.1156  -0.0347  -0.0633   0.1302  -0.1333   0.0710   0.0261  -0.1104   0.1406  -0.1018   0.0131   0.0820  -0.1369   0.1247  -0.0513  -0.0472   0.1226  -0.1379   0.0855   0.0087  -0.0987   0.1403  -0.1131   0.0304   0.0672  -0.1318   0.1318  -0.0672  -0.0304   0.1131  -0.1403   0.0987  -0.0087  -0.0855   0.1379  -0.1226   0.0472   0.0513  -0.1247   0.1369  -0.0820  -0.0131   0.1018  -0.1406   0.1104  -0.0261  -0.0710   0.1333  -0.1302   0.0633   0.0347  -0.1156   0.1399  -0.0956   0.0044   0.0890  -0.1387   0.1204  -0.0431  -0.0554   0.1266  -0.1358   0.0784   0.0175  -0.1048   0.1407  -0.1076   0.0218   0.0747  -0.1346   0.1285  -0.0594  -0.0389   0.1181  -0.1393   0.0923

36210.6   0.0890  -0.1379   0.1247  -0.0554  -0.0389   0.1156  -0.1403   0.1018  -0.0175  -0.0747   0.1333  -0.1318   0.0710   0.0218  -0.1048   0.1406  -0.1131   0.0347   0.0594  -0.1266   0.1369  -0.0855  -0.0044   0.0923  -0.1387   0.1226  -0.0513  -0.0431   0.1181  -0.1399   0.0987  -0.0131  -0.0784   0.1346  -0.1302   0.0672   0.0261  -0.1076   0.1407  -0.1104   0.0304   0.0633  -0.1285   0.1358  -0.0820  -0.0087   0.0956  -0.1393   0.1204  -0.0472  -0.0472   0.1204  -0.1393   0.0956  -0.0087  -0.0820   0.1358  -0.1285   0.0633   0.0304  -0.1104   0.1407  -0.1076   0.0261   0.0672  -0.1302   0.1346  -0.0784  -0.0131   0.0987  -0.1399   0.1181  -0.0431  -0.0513   0.1226  -0.1387   0.0923  -0.0044  -0.0855   0.1369  -0.1266   0.0594   0.0347  -0.1131   0.1406  -0.1048   0.0218   0.0710  -0.1318   0.1333  -0.0747  -0.0175   0.1018  -0.1403   0.1156  -0.0389  -0.0554   0.1247  -0.1379   0.0890

36604.1   0.0855  -0.1358   0.1302  -0.0710  -0.0175   0.0987  -0.1393   0.1226  -0.0554  -0.0347   0.1104  -0.1407   0.1131  -0.0389  -0.0513   0.1204  -0.1399   0.1018  -0.0218  -0.0672   0.1285  -0.1369   0.0890  -0.0044  -0.0820   0.1346  -0.1318   0.0747   0.0131  -0.0956   0.1387  -0.1247   0.0594   0.0304  -0.1076   0.1406  -0.1156   0.0431   0.0472  -0.1181   0.1403  -0.1048   0.0261   0.0633  -0.1266   0.1379  -0.0923   0.0087   0.0784  -0.1333   0.1333  -0.0784  -0.0087   0.0923  -0.1379   0.1266  -0.0633  -0.0261   0.1048  -0.1403   0.1181  -0.0472  -0.0431   0.1156  -0.1406   0.1076  -0.0304  -0.0594   0.1247  -0.1387   0.0956  -0.0131  -0.0747   0.1318  -0.1346   0.0820   0.0044  -0.0890   0.1369  -0.1285   0.0672   0.0218  -0.1018   0.1399  -0.1204   0.0513   0.0389  -0.1131   0.1407  -0.1104   0.0347   0.0554  -0.1226   0.1393  -0.0987   0.0175   0.0710  -0.1302   0.1358  -0.0855

36981.8  -0.0820   0.1333  -0.1346   0.0855  -0.0044  -0.0784   0.1318  -0.1358   0.0890  -0.0087  -0.0747   0.1302  -0.1369   0.0923  -0.0131  -0.0710   0.1285  -0.1379   0.0956  -0.0175  -0.0672   0.1266  -0.1387   0.0987  -0.0218  -0.0633   0.1247  -0.1393   0.1018  -0.0261  -0.0594   0.1226  -0.1399   0.1048  -0.0304  -0.0554   0.1204  -0.1403   0.1076  -0.0347  -0.0513   0.1181  -0.1406   0.1104  -0.0389  -0.0472   0.1156  -0.1407   0.1131  -0.0431  -0.0431   0.1131  -0.1407   0.1156  -0.0472  -0.0389   0.1104  -0.1406   0.1181  -0.0513  -0.0347   0.1076  -0.1403   0.1204  -0.0554  -0.0304   0.1048  -0.1399   0.1226  -0.0594  -0.0261   0.1018  -0.1393   0.1247  -0.0633  -0.0218   0.0987  -0.1387   0.1266  -0.0672  -0.0175   0.0956  -0.1379   0.1285  -0.0710  -0.0131   0.0923  -0.1369   0.1302  -0.0747  -0.0087   0.0890  -0.1358   0.1318  -0.0784  -0.0044   0.0855  -0.1346   0.1333  -0.0820

37343.6   0.0784  -0.1302   0.1379  -0.0987   0.0261   0.0554  -0.1181   0.1407  -0.1156   0.0513   0.0304  -0.1018   0.1387  -0.1285   0.0747   0.0044  -0.0820   0.1318  -0.1369   0.0956  -0.0218  -0.0594   0.1204  -0.1406   0.1131  -0.0472  -0.0347   0.1048  -0.1393   0.1266  -0.0710  -0.0087   0.0855  -0.1333   0.1358  -0.0923   0.0175   0.0633  -0.1226   0.1403  -0.1104   0.0431   0.0389  -0.1076   0.1399  -0.1247   0.0672   0.0131  -0.0890   0.1346  -0.1346   0.0890  -0.0131  -0.0672   0.1247  -0.1399   0.1076  -0.0389  -0.0431   0.1104  -0.1403   0.1226  -0.0633  -0.0175   0.0923  -0.1358   0.1333  -0.0855   0.0087   0.0710  -0.1266   0.1393  -0.1048   0.0347   0.0472  -0.1131   0.1406  -0.1204   0.0594   0.0218  -0.0956   0.1369  -0.1318   0.0820  -0.0044  -0.0747   0.1285  -0.1387   0.1018  -0.0304  -0.0513   0.1156  -0.1407   0.1181  -0.0554  -0.0261   0.0987  -0.1379   0.1302  -0.0784

37688.9   0.0747  -0.1266   0.1399  -0.1104   0.0472   0.0304  -0.0987   0.1369  -0.1333   0.0890  -0.0175  -0.0594   0.1181  -0.1407   0.1204  -0.0633  -0.0131   0.0855  -0.1318   0.1379  -0.1018   0.0347   0.0431  -0.1076   0.1393  -0.1285   0.0784  -0.0044  -0.0710   0.1247  -0.1403   0.1131  -0.0513  -0.0261   0.0956  -0.1358   0.1346  -0.0923   0.0218   0.0554  -0.1156   0.1406  -0.1226   0.0672   0.0087  -0.0820   0.1302  -0.1387   0.1048  -0.0389  -0.0389   0.1048  -0.1387   0.1302  -0.0820   0.0087   0.0672  -0.1226   0.1406  -0.1156   0.0554   0.0218  -0.0923   0.1346  -0.1358   0.0956  -0.0261  -0.0513   0.1131  -0.1403   0.1247  -0.0710  -0.0044   0.0784  -0.1285   0.1393  -0.1076   0.0431   0.0347  -0.1018   0.1379  -0.1318   0.0855  -0.0131  -0.0633   0.1204  -0.1407   0.1181  -0.0594  -0.0175   0.0890  -0.1333   0.1369  -0.0987   0.0304   0.0472  -0.1104   0.1399  -0.1266   0.0747

38017.5  -0.0710   0.1226  -0.1407   0.1204  -0.0672  -0.0044   0.0747  -0.1247   0.1406  -0.1181   0.0633   0.0087  -0.0784   0.1266  -0.1403   0.1156  -0.0594  -0.0131   0.0820  -0.1285   0.1399  -0.1131   0.0554   0.0175  -0.0855   0.1302  -0.1393   0.1104  -0.0513  -0.0218   0.0890  -0.1318   0.1387  -0.1076   0.0472   0.0261  -0.0923   0.1333  -0.1379   0.1048  -0.0431  -0.0304   0.0956  -0.1346   0.1369  -0.1018   0.0389   0.0347  -0.0987   0.1358  -0.1358   0.0987  -0.0347  -0.0389   0.1018  -0.1369   0.1346  -0.0956   0.0304   0.0431  -0.1048   0.1379  -0.1333   0.0923  -0.0261  -0.0472   0.1076  -0.1387   0.1318  -0.0890   0.0218   0.0513  -0.1104   0.1393  -0.1302   0.0855  -0.0175  -0.0554   0.1131  -0.1399   0.1285  -0.0820   0.0131   0.0594  -0.1156   0.1403  -0.1266   0.0784  -0.0087  -0.0633   0.1181  -0.1406   0.1247  -0.0747   0.0044   0.0672  -0.1204   0.1407  -0.1226   0.0710

38329.1   0.0672  -0.1181   0.1403  -0.1285   0.0855  -0.0218  -0.0472   0.1048  -0.1369   0.1358  -0.1018   0.0431   0.0261  -0.0890   0.1302  -0.1399   0.1156  -0.0633  -0.0044   0.0710  -0.1204   0.1406  -0.1266   0.0820  -0.0175  -0.0513   0.1076  -0.1379   0.1346  -0.0987   0.0389   0.0304  -0.0923   0.1318  -0.1393   0.1131  -0.0594  -0.0087   0.0747  -0.1226   0.1407  -0.1247   0.0784  -0.0131  -0.0554   0.1104  -0.1387   0.1333  -0.0956   0.0347   0.0347  -0.0956   0.1333  -0.1387   0.1104  -0.0554  -0.0131   0.0784  -0.1247   0.1407  -0.1226   0.0747  -0.0087  -0.0594   0.1131  -0.1393   0.1318  -0.0923   0.0304   0.0389  -0.0987   0.1346  -0.1379   0.1076  -0.0513  -0.0175   0.0820  -0.1266   0.1406  -0.1204   0.0710  -0.0044  -0.0633   0.1156  -0.1399   0.1302  -0.0890   0.0261   0.0431  -0.1018   0.1358  -0.1369   0.1048  -0.0472  -0.0218   0.0855  -0.1285   0.1403  -0.1181   0.0672

38623.3  -0.0633   0.1131  -0.1387   0.1346  -0.1018   0.0472   0.0175  -0.0784   0.1226  -0.1406   0.1285  -0.0890   0.0304   0.0347  -0.0923   0.1302  -0.1403   0.1204  -0.0747   0.0131   0.0513  -0.1048   0.1358  -0.1379   0.1104  -0.0594  -0.0044   0.0672  -0.1156   0.1393  -0.1333   0.0987  -0.0431  -0.0218   0.0820  -0.1247   0.1407  -0.1266   0.0855  -0.0261  -0.0389   0.0956  -0.1318   0.1399  -0.1181   0.0710  -0.0087  -0.0554   0.1076  -0.1369   0.1369  -0.1076   0.0554   0.0087  -0.0710   0.1181  -0.1399   0.1318  -0.0956   0.0389   0.0261  -0.0855   0.1266  -0.1407   0.1247  -0.0820   0.0218   0.0431  -0.0987   0.1333  -0.1393   0.1156  -0.0672   0.0044   0.0594  -0.1104   0.1379  -0.1358   0.1048  -0.0513  -0.0131   0.0747  -0.1204   0.1403  -0.1302   0.0923  -0.0347  -0.0304   0.0890  -0.1285   0.1406  -0.1226   0.0784  -0.0175  -0.0472   0.1018  -0.1346   0.1387  -0.1131   0.0633

38899.9   0.0594  -0.1076   0.1358  -0.1387   0.1156  -0.0710   0.0131   0.0472  -0.0987   0.1318  -0.1403   0.1226  -0.0820   0.0261   0.0347  -0.0890   0.1266  -0.1407   0.1285  -0.0923   0.0389   0.0218  -0.0784   0.1204  -0.1399   0.1333  -0.1018   0.0513   0.0087  -0.0672   0.1131  -0.1379   0.1369  -0.1104   0.0633  -0.0044  -0.0554   0.1048  -0.1346   0.1393  -0.1181   0.0747  -0.0175  -0.0431   0.0956  -0.1302   0.1406  -0.1247   0.0855  -0.0304  -0.0304   0.0855  -0.1247   0.1406  -0.1302   0.0956  -0.0431  -0.0175   0.0747  -0.1181   0.1393  -0.1346   0.1048  -0.0554  -0.0044   0.0633  -0.1104   0.1369  -0.1379   0.1131  -0.0672   0.0087   0.0513  -0.1018   0.1333  -0.1399   0.1204  -0.0784   0.0218   0.0389  -0.0923   0.1285  -0.1407   0.1266  -0.0890   0.0347   0.0261  -0.0820   0.1226  -0.1403   0.1318  -0.0987   0.0472   0.0131  -0.0710   0.1156  -0.1387   0.1358  -0.1076   0.0594

39158.6   0.0554  -0.1018   0.1318  -0.1406   0.1266  -0.0923   0.0431   0.0131  -0.0672   0.1104  -0.1358   0.1393  -0.1204   0.0820  -0.0304  -0.0261   0.0784  -0.1181   0.1387  -0.1369   0.1131  -0.0710   0.0175   0.0389  -0.0890   0.1247  -0.1403   0.1333  -0.1048   0.0594  -0.0044  -0.0513   0.0987  -0.1302   0.1407  -0.1285   0.0956  -0.0472  -0.0087   0.0633  -0.1076   0.1346  -0.1399   0.1226  -0.0855   0.0347   0.0218  -0.0747   0.1156  -0.1379   0.1379  -0.1156   0.0747  -0.0218  -0.0347   0.0855  -0.1226   0.1399  -0.1346   0.1076  -0.0633   0.0087   0.0472  -0.0956   0.1285  -0.1407   0.1302  -0.0987   0.0513   0.0044  -0.0594   0.1048  -0.1333   0.1403  -0.1247   0.0890  -0.0389  -0.0175   0.0710  -0.1131   0.1369  -0.1387   0.1181  -0.0784   0.0261   0.0304  -0.0820   0.1204  -0.1393   0.1358  -0.1104   0.0672  -0.0131  -0.0431   0.0923  -0.1266   0.1406  -0.1318   0.1018  -0.0554

39399.2   0.0513  -0.0956   0.1266  -0.1403   0.1346  -0.1104   0.0710  -0.0218  -0.0304   0.0784  -0.1156   0.1369  -0.1393   0.1226  -0.0890   0.0431   0.0087  -0.0594   0.1018  -0.1302   0.1407  -0.1318   0.1048  -0.0633   0.0131   0.0389  -0.0855   0.1204  -0.1387   0.1379  -0.1181   0.0820  -0.0347  -0.0175   0.0672  -0.1076   0.1333  -0.1406   0.1285  -0.0987   0.0554  -0.0044  -0.0472   0.0923  -0.1247   0.1399  -0.1358   0.1131  -0.0747   0.0261   0.0261  -0.0747   0.1131  -0.1358   0.1399  -0.1247   0.0923  -0.0472  -0.0044   0.0554  -0.0987   0.1285  -0.1406   0.1333  -0.1076   0.0672  -0.0175  -0.0347   0.0820  -0.1181   0.1379  -0.1387   0.1204  -0.0855   0.0389   0.0131  -0.0633   0.1048  -0.1318   0.1407  -0.1302   0.1018  -0.0594   0.0087   0.0431  -0.0890   0.1226  -0.1393   0.1369  -0.1156   0.0784  -0.0304  -0.0218   0.0710  -0.1104   0.1346  -0.1403   0.1266  -0.0956   0.0513

39621.4   0.0472  -0.0890   0.1204  -0.1379   0.1393  -0.1247   0.0956  -0.0554   0.0087   0.0389  -0.0820   0.1156  -0.1358   0.1403  -0.1285   0.1018  -0.0633   0.0175   0.0304  -0.0747   0.1104  -0.1333   0.1407  -0.1318   0.1076  -0.0710   0.0261   0.0218  -0.0672   0.1048  -0.1302   0.1406  -0.1346   0.1131  -0.0784   0.0347   0.0131  -0.0594   0.0987  -0.1266   0.1399  -0.1369   0.1181  -0.0855   0.0431   0.0044  -0.0513   0.0923  -0.1226   0.1387  -0.1387   0.1226  -0.0923   0.0513  -0.0044  -0.0431   0.0855  -0.1181   0.1369  -0.1399   0.1266  -0.0987   0.0594  -0.0131  -0.0347   0.0784  -0.1131   0.1346  -0.1406   0.1302  -0.1048   0.0672  -0.0218  -0.0261   0.0710  -0.1076   0.1318  -0.1407   0.1333  -0.1104   0.0747  -0.0304  -0.0175   0.0633  -0.1018   0.1285  -0.1403   0.1358  -0.1156   0.0820  -0.0389  -0.0087   0.0554  -0.0956   0.1247  -0.1393   0.1379  -0.1204   0.0890  -0.0472

39825   0.0431  -0.0820   0.1131  -0.1333   0.1407  -0.1346   0.1156  -0.0855   0.0472  -0.0044  -0.0389   0.0784  -0.1104   0.1318  -0.1406   0.1358  -0.1181   0.0890  -0.0513   0.0087   0.0347  -0.0747   0.1076  -0.1302   0.1403  -0.1369   0.1204  -0.0923   0.0554  -0.0131  -0.0304   0.0710  -0.1048   0.1285  -0.1399   0.1379  -0.1226   0.0956  -0.0594   0.0175   0.0261  -0.0672   0.1018  -0.1266   0.1393  -0.1387   0.1247  -0.0987   0.0633  -0.0218  -0.0218   0.0633  -0.0987   0.1247  -0.1387   0.1393  -0.1266   0.1018  -0.0672   0.0261   0.0175  -0.0594   0.0956  -0.1226   0.1379  -0.1399   0.1285  -0.1048   0.0710  -0.0304  -0.0131   0.0554  -0.0923   0.1204  -0.1369   0.1403  -0.1302   0.1076  -0.0747   0.0347   0.0087  -0.0513   0.0890  -0.1181   0.1358  -0.1406   0.1318  -0.1104   0.0784  -0.0389  -0.0044   0.0472  -0.0855   0.1156  -0.1346   0.1407  -0.1333   0.1131  -0.0820   0.0431

40009.8   0.0389  -0.0747   0.1048  -0.1266   0.1387  -0.1399   0.1302  -0.1104   0.0820  -0.0472   0.0087   0.0304  -0.0672   0.0987  -0.1226   0.1369  -0.1406   0.1333  -0.1156   0.0890  -0.0554   0.0175   0.0218  -0.0594   0.0923  -0.1181   0.1346  -0.1407   0.1358  -0.1204   0.0956  -0.0633   0.0261   0.0131  -0.0513   0.0855  -0.1131   0.1318  -0.1403   0.1379  -0.1247   0.1018  -0.0710   0.0347   0.0044  -0.0431   0.0784  -0.1076   0.1285  -0.1393   0.1393  -0.1285   0.1076  -0.0784   0.0431  -0.0044  -0.0347   0.0710  -0.1018   0.1247  -0.1379   0.1403  -0.1318   0.1131  -0.0855   0.0513  -0.0131  -0.0261   0.0633  -0.0956   0.1204  -0.1358   0.1407  -0.1346   0.1181  -0.0923   0.0594  -0.0218  -0.0175   0.0554  -0.0890   0.1156  -0.1333   0.1406  -0.1369   0.1226  -0.0987   0.0672  -0.0304  -0.0087   0.0472  -0.0820   0.1104  -0.1302   0.1399  -0.1387   0.1266  -0.1048   0.0747  -0.0389

40175.6   0.0347  -0.0672   0.0956  -0.1181   0.1333  -0.1403   0.1387  -0.1285   0.1104  -0.0855   0.0554  -0.0218  -0.0131   0.0472  -0.0784   0.1048  -0.1247   0.1369  -0.1407   0.1358  -0.1226   0.1018  -0.0747   0.0431  -0.0087  -0.0261   0.0594  -0.0890   0.1131  -0.1302   0.1393  -0.1399   0.1318  -0.1156   0.0923  -0.0633   0.0304   0.0044  -0.0389   0.0710  -0.0987   0.1204  -0.1346   0.1406  -0.1379   0.1266  -0.1076   0.0820  -0.0513   0.0175   0.0175  -0.0513   0.0820  -0.1076   0.1266  -0.1379   0.1406  -0.1346   0.1204  -0.0987   0.0710  -0.0389   0.0044   0.0304  -0.0633   0.0923  -0.1156   0.1318  -0.1399   0.1393  -0.1302   0.1131  -0.0890   0.0594  -0.0261  -0.0087   0.0431  -0.0747   0.1018  -0.1226   0.1358  -0.1407   0.1369  -0.1247   0.1048  -0.0784   0.0472  -0.0131  -0.0218   0.0554  -0.0855   0.1104  -0.1285   0.1387  -0.1403   0.1333  -0.1181   0.0956  -0.0672   0.0347

40322.3   0.0304  -0.0594   0.0855  -0.1076   0.1247  -0.1358   0.1406  -0.1387   0.1302  -0.1156   0.0956  -0.0710   0.0431  -0.0131  -0.0175   0.0472  -0.0747   0.0987  -0.1181   0.1318  -0.1393   0.1403  -0.1346   0.1226  -0.1048   0.0820  -0.0554   0.0261   0.0044  -0.0347   0.0633  -0.0890   0.1104  -0.1266   0.1369  -0.1407   0.1379  -0.1285   0.1131  -0.0923   0.0672  -0.0389   0.0087   0.0218  -0.0513   0.0784  -0.1018   0.1204  -0.1333   0.1399  -0.1399   0.1333  -0.1204   0.1018  -0.0784   0.0513  -0.0218  -0.0087   0.0389  -0.0672   0.0923  -0.1131   0.1285  -0.1379   0.1407  -0.1369   0.1266  -0.1104   0.0890  -0.0633   0.0347  -0.0044  -0.0261   0.0554  -0.0820   0.1048  -0.1226   0.1346  -0.1403   0.1393  -0.1318   0.1181  -0.0987   0.0747  -0.0472   0.0175   0.0131  -0.0431   0.0710  -0.0956   0.1156  -0.1302   0.1387  -0.1406   0.1358  -0.1247   0.1076  -0.0855   0.0594  -0.0304

40449.7  -0.0261   0.0513  -0.0747   0.0956  -0.1131   0.1266  -0.1358   0.1403  -0.1399   0.1346  -0.1247   0.1104  -0.0923   0.0710  -0.0472   0.0218   0.0044  -0.0304   0.0554  -0.0784   0.0987  -0.1156   0.1285  -0.1369   0.1406  -0.1393   0.1333  -0.1226   0.1076  -0.0890   0.0672  -0.0431   0.0175   0.0087  -0.0347   0.0594  -0.0820   0.1018  -0.1181   0.1302  -0.1379   0.1407  -0.1387   0.1318  -0.1204   0.1048  -0.0855   0.0633  -0.0389   0.0131   0.0131  -0.0389   0.0633  -0.0855   0.1048  -0.1204   0.1318  -0.1387   0.1407  -0.1379   0.1302  -0.1181   0.1018  -0.0820   0.0594  -0.0347   0.0087   0.0175  -0.0431   0.0672  -0.0890   0.1076  -0.1226   0.1333  -0.1393   0.1406  -0.1369   0.1285  -0.1156   0.0987  -0.0784   0.0554  -0.0304   0.0044   0.0218  -0.0472   0.0710  -0.0923   0.1104  -0.1247   0.1346  -0.1399   0.1403  -0.1358   0.1266  -0.1131   0.0956  -0.0747   0.0513  -0.0261

40557.8  -0.0218   0.0431  -0.0633   0.0820  -0.0987   0.1131  -0.1247   0.1333  -0.1387   0.1407  -0.1393   0.1346  -0.1266   0.1156  -0.1018   0.0855  -0.0672   0.0472  -0.0261   0.0044   0.0175  -0.0389   0.0594  -0.0784   0.0956  -0.1104   0.1226  -0.1318   0.1379  -0.1406   0.1399  -0.1358   0.1285  -0.1181   0.1048  -0.0890   0.0710  -0.0513   0.0304  -0.0087  -0.0131   0.0347  -0.0554   0.0747  -0.0923   0.1076  -0.1204   0.1302  -0.1369   0.1403  -0.1403   0.1369  -0.1302   0.1204  -0.1076   0.0923  -0.0747   0.0554  -0.0347   0.0131   0.0087  -0.0304   0.0513  -0.0710   0.0890  -0.1048   0.1181  -0.1285   0.1358  -0.1399   0.1406  -0.1379   0.1318  -0.1226   0.1104  -0.0956   0.0784  -0.0594   0.0389  -0.0175  -0.0044   0.0261  -0.0472   0.0672  -0.0855   0.1018  -0.1156   0.1266  -0.1346   0.1393  -0.1407   0.1387  -0.1333   0.1247  -0.1131   0.0987  -0.0820   0.0633  -0.0431   0.0218

40646.3   0.0175  -0.0347   0.0513  -0.0672   0.0820  -0.0956   0.1076  -0.1181   0.1266  -0.1333   0.1379  -0.1403   0.1406  -0.1387   0.1346  -0.1285   0.1204  -0.1104   0.0987  -0.0855   0.0710  -0.0554   0.0389  -0.0218   0.0044   0.0131  -0.0304   0.0472  -0.0633   0.0784  -0.0923   0.1048  -0.1156   0.1247  -0.1318   0.1369  -0.1399   0.1407  -0.1393   0.1358  -0.1302   0.1226  -0.1131   0.1018  -0.0890   0.0747  -0.0594   0.0431  -0.0261   0.0087   0.0087  -0.0261   0.0431  -0.0594   0.0747  -0.0890   0.1018  -0.1131   0.1226  -0.1302   0.1358  -0.1393   0.1407  -0.1399   0.1369  -0.1318   0.1247  -0.1156   0.1048  -0.0923   0.0784  -0.0633   0.0472  -0.0304   0.0131   0.0044  -0.0218   0.0389  -0.0554   0.0710  -0.0855   0.0987  -0.1104   0.1204  -0.1285   0.1346  -0.1387   0.1406  -0.1403   0.1379  -0.1333   0.1266  -0.1181   0.1076  -0.0956   0.0820  -0.0672   0.0513  -0.0347   0.0175

40715.2   0.0131  -0.0261   0.0389  -0.0513   0.0633  -0.0747   0.0855  -0.0956   0.1048  -0.1131   0.1204  -0.1266   0.1318  -0.1358   0.1387  -0.1403   0.1407  -0.1399   0.1379  -0.1346   0.1302  -0.1247   0.1181  -0.1104   0.1018  -0.0923   0.0820  -0.0710   0.0594  -0.0472   0.0347  -0.0218   0.0087   0.0044  -0.0175   0.0304  -0.0431   0.0554  -0.0672   0.0784  -0.0890   0.0987  -0.1076   0.1156  -0.1226   0.1285  -0.1333   0.1369  -0.1393   0.1406  -0.1406   0.1393  -0.1369   0.1333  -0.1285   0.1226  -0.1156   0.1076  -0.0987   0.0890  -0.0784   0.0672  -0.0554   0.0431  -0.0304   0.0175  -0.0044  -0.0087   0.0218  -0.0347   0.0472  -0.0594   0.0710  -0.0820   0.0923  -0.1018   0.1104  -0.1181   0.1247  -0.1302   0.1346  -0.1379   0.1399  -0.1407   0.1403  -0.1387   0.1358  -0.1318   0.1266  -0.1204   0.1131  -0.1048   0.0956  -0.0855   0.0747  -0.0633   0.0513  -0.0389   0.0261  -0.0131

40764.5   0.0087  -0.0175   0.0261  -0.0347   0.0431  -0.0513   0.0594  -0.0672   0.0747  -0.0820   0.0890  -0.0956   0.1018  -0.1076   0.1131  -0.1181   0.1226  -0.1266   0.1302  -0.1333   0.1358  -0.1379   0.1393  -0.1403   0.1407  -0.1406   0.1399  -0.1387   0.1369  -0.1346   0.1318  -0.1285   0.1247  -0.1204   0.1156  -0.1104   0.1048  -0.0987   0.0923  -0.0855   0.0784  -0.0710   0.0633  -0.0554   0.0472  -0.0389   0.0304  -0.0218   0.0131  -0.0044  -0.0044   0.0131  -0.0218   0.0304  -0.0389   0.0472  -0.0554   0.0633  -0.0710   0.0784  -0.0855   0.0923  -0.0987   0.1048  -0.1104   0.1156  -0.1204   0.1247  -0.1285   0.1318  -0.1346   0.1369  -0.1387   0.1399  -0.1406   0.1407  -0.1403   0.1393  -0.1379   0.1358  -0.1333   0.1302  -0.1266   0.1226  -0.1181   0.1131  -0.1076   0.1018  -0.0956   0.0890  -0.0820   0.0747  -0.0672   0.0594  -0.0513   0.0431  -0.0347   0.0261  -0.0175   0.0087

40794.1   0.0044  -0.0087   0.0131  -0.0175   0.0218  -0.0261   0.0304  -0.0347   0.0389  -0.0431   0.0472  -0.0513   0.0554  -0.0594   0.0633  -0.0672   0.0710  -0.0747   0.0784  -0.0820   0.0855  -0.0890   0.0923  -0.0956   0.0987  -0.1018   0.1048  -0.1076   0.1104  -0.1131   0.1156  -0.1181   0.1204  -0.1226   0.1247  -0.1266   0.1285  -0.1302   0.1318  -0.1333   0.1346  -0.1358   0.1369  -0.1379   0.1387  -0.1393   0.1399  -0.1403   0.1406  -0.1407   0.1407  -0.1406   0.1403  -0.1399   0.1393  -0.1387   0.1379  -0.1369   0.1358  -0.1346   0.1333  -0.1318   0.1302  -0.1285   0.1266  -0.1247   0.1226  -0.1204   0.1181  -0.1156   0.1131  -0.1104   0.1076  -0.1048   0.1018  -0.0987   0.0956  -0.0923   0.0890  -0.0855   0.0820  -0.0784   0.0747  -0.0710   0.0672  -0.0633   0.0594  -0.0554   0.0513  -0.0472   0.0431  -0.0389   0.0347  -0.0304   0.0261  -0.0218   0.0175  -0.0131   0.0087  -0.0044

